Introduce la temperatura de referencia: 
Kp:  9.22722E-01
Ti;  3.00000E+00
Td:  7.50000E-01
 2.00000E+01, 0.000080150
 2.00000E+01, 0.301624450
 2.00000E+01, 0.603278650
 2.00000E+01, 0.905779570
 2.00000E+01, 1.207875120
 2.00000E+01, 1.510780050
 2.01195E+01, 1.812622720
 2.01589E+01, 2.114299220
 2.02016E+01, 2.416501610
 2.02475E+01, 2.718379500
 2.02965E+01, 3.020352250
 2.03487E+01, 3.322515230
 2.04040E+01, 3.624265370
 2.04625E+01, 3.926424040
 2.05241E+01, 4.228302820
 2.05888E+01, 4.530686100
 2.06566E+01, 4.833225360
 2.07275E+01, 5.135463420
 2.08015E+01, 5.437589030
 2.08786E+01, 5.739382650
 2.09588E+01, 6.041026830
 2.10420E+01, 6.342965680
 2.11282E+01, 6.644857640
 2.12175E+01, 6.958862250
 2.13098E+01, 7.261163840
 2.14051E+01, 7.563289940
 2.15034E+01, 7.865366250
 2.16047E+01, 8.168073760
 2.17090E+01, 8.470215000
 2.18163E+01, 8.772537430
 2.19265E+01, 9.074223640
 2.20396E+01, 9.376340930
 2.21557E+01, 9.678360280
 2.22747E+01, 9.980318110
 2.23966E+01, 10.282301450
 2.25214E+01, 10.585019680
 2.26491E+01, 10.886781390
 2.27796E+01, 11.189284060
 2.29131E+01, 11.491737140
 2.30958E+01, 11.793684050
 2.32358E+01, 12.095700950
 2.33787E+01, 12.397509600
 2.35244E+01, 12.699168020
 2.36730E+01, 13.001083810
 2.38232E+01, 13.303017150
 2.39762E+01, 13.604648920
 2.41319E+01, 13.906675830
 2.42905E+01, 14.208619390
 2.44518E+01, 14.511224560
 2.46158E+01, 14.813240700
 2.47826E+01, 15.115799680
 2.49520E+01, 15.417646710
 2.51242E+01, 15.719457810
 2.52991E+01, 16.021539130
 2.54766E+01, 16.323458340
 2.56568E+01, 16.625406100
 2.58397E+01, 16.927061810
 2.60252E+01, 17.229048840
 2.62134E+01, 17.531418160
 2.64042E+01, 17.833941180
 2.65976E+01, 18.136271370
 2.67936E+01, 18.438015350
 2.69922E+01, 18.739949090
 2.71933E+01, 19.041761990
 2.73971E+01, 19.344030970
 2.76033E+01, 19.645943420
 2.78122E+01, 19.948460360
 2.80235E+01, 20.250884490
 2.82374E+01, 20.553068500
 2.84538E+01, 20.855480250
 2.86726E+01, 21.157539130
 2.88940E+01, 21.459675650
 2.91178E+01, 21.761587350
 2.93441E+01, 22.063817260
 2.95728E+01, 22.366062780
 2.98040E+01, 22.667687380
 3.00376E+01, 22.969522290
 3.02736E+01, 23.271531360
 3.05120E+01, 23.573708470
 3.07528E+01, 23.876230530
 3.09960E+01, 24.178195120
 3.12415E+01, 24.480003720
 3.14894E+01, 24.782298150
 3.17396E+01, 25.084131490
 3.19922E+01, 25.386144390
 3.22471E+01, 25.688091840
 3.25043E+01, 25.990041210
 3.27637E+01, 26.292341350
 3.31136E+01, 26.594075400
 3.33784E+01, 26.895509990
 3.36454E+01, 27.197199770
 3.39147E+01, 27.500066580
 3.41862E+01, 27.802086890
 3.44590E+01, 28.105061760
 3.47338E+01, 28.406935330
 3.50109E+01, 28.708668690
 3.52902E+01, 29.010432910
 3.55717E+01, 29.312281180
 3.58554E+01, 29.613944200
 3.61411E+01, 29.916110980
 3.64291E+01, 30.217955650
 3.67191E+01, 30.520069630
 3.70113E+01, 30.822304380
 3.73056E+01, 31.125336480
 3.76019E+01, 31.427121930
 3.79004E+01, 31.728930820
 3.82009E+01, 32.030741030
 3.85034E+01, 32.332821350
 3.88080E+01, 32.634562060
 3.91147E+01, 32.936440550
 3.94233E+01, 33.238398040
 3.97340E+01, 33.540734430
 4.00467E+01, 33.843946620
 4.03613E+01, 34.146058090
 4.06779E+01, 34.448369650
 4.09965E+01, 34.750395060
 4.13170E+01, 35.052548720
 4.16395E+01, 35.354465620
 4.19639E+01, 35.656686810
 4.22901E+01, 35.959002170
 4.26183E+01, 36.260928400
 4.29484E+01, 36.563714270
 4.32804E+01, 36.865729350
 4.36142E+01, 37.168694760
 4.39499E+01, 37.470820670
 4.42874E+01, 37.773167840
 4.46267E+01, 38.075251260
 4.49679E+01, 38.377501650
 4.53109E+01, 38.679526770
 4.56556E+01, 38.981466720
 4.60022E+01, 39.283680790
 4.63505E+01, 39.585763110
 4.67005E+01, 39.887586550
 4.70523E+01, 40.190177830
 4.74059E+01, 40.492382190
 4.78803E+01, 40.794375740
 4.82378E+01, 41.096311080
 4.85970E+01, 41.398121580
 4.89580E+01, 41.699899530
 4.93206E+01, 42.001594900
 4.96839E+01, 42.303195610
 5.00488E+01, 42.605420650
 5.04154E+01, 42.907060020
 5.07836E+01, 43.208679120
 5.11535E+01, 43.512029550
 5.15249E+01, 43.814078310
 5.18979E+01, 44.115897340
 5.22725E+01, 44.417743000
 5.26487E+01, 44.719500800
 5.30264E+01, 45.021563190
 5.34057E+01, 45.323696500
 5.37865E+01, 45.625431770
 5.41688E+01, 45.927508580
 5.45526E+01, 46.229321680
 5.49380E+01, 46.531445490
 5.53248E+01, 46.834556970
 5.57131E+01, 47.136424280
 5.61028E+01, 47.438089110
 5.64940E+01, 47.739905120
 5.68866E+01, 48.041821920
 5.72807E+01, 48.343703560
 5.76762E+01, 48.645503940
 5.80730E+01, 48.947370450
 5.84713E+01, 49.250473770
 5.88709E+01, 49.552592410
 5.92720E+01, 49.854931730
 5.96743E+01, 50.156963760
 6.00780E+01, 50.459046210
 6.04831E+01, 50.761235600
 6.08895E+01, 51.063348080
 6.12971E+01, 51.365350940
 6.17061E+01, 51.667504800
 6.21164E+01, 51.969388140
 6.25279E+01, 52.271436400
 6.29407E+01, 52.573927650
 6.33548E+01, 52.876321610
 6.37701E+01, 53.178976330
 6.41866E+01, 53.480999090
 6.46043E+01, 53.783387440
 6.50233E+01, 54.085441710
 6.54434E+01, 54.387384170
 6.58647E+01, 54.689472390
 6.62872E+01, 54.991346320
 6.67109E+01, 55.293292690
 6.72778E+01, 55.595210490
 6.77041E+01, 55.897032920
 6.81316E+01, 56.198867870
 6.85601E+01, 56.500676660
 6.89890E+01, 56.802860620
 6.94189E+01, 57.104804370
 6.98499E+01, 57.406490200
 7.02819E+01, 57.708463260
 7.07151E+01, 58.011192210
 7.11492E+01, 58.312893910
 7.15845E+01, 58.614577070
 7.20207E+01, 58.916733980
 7.24579E+01, 59.218992040
 7.28962E+01, 59.521202260
 7.33354E+01, 59.823229770
 7.37756E+01, 60.125862300
 7.42168E+01, 60.427791120
 7.46589E+01, 60.729421980
 7.51020E+01, 61.031159150
 7.55460E+01, 61.333124840
 7.59910E+01, 61.634952980
 7.64368E+01, 61.936864580
 7.68836E+01, 62.238790090
 7.73312E+01, 62.540954920
 7.77797E+01, 62.845050540
 7.82291E+01, 63.147157050
 7.86794E+01, 63.449027320
 7.91304E+01, 63.750574830
 7.95824E+01, 64.052317290
 8.00351E+01, 64.354172580
 8.04887E+01, 64.656210720
 8.09431E+01, 64.957906500
 8.13982E+01, 65.259644170
 8.18541E+01, 65.561335940
 8.23109E+01, 65.863420520
 8.27683E+01, 66.165745700
 8.32265E+01, 66.468038170
 8.36855E+01, 66.770126510
 8.41452E+01, 67.072187940
 8.46056E+01, 67.374792550
 8.50667E+01, 67.677178150
 8.55285E+01, 67.978960610
 8.59910E+01, 68.280666650
 8.64541E+01, 68.582436980
 8.69179E+01, 68.885651110
 8.73824E+01, 69.187840790
 8.78475E+01, 69.489955570
 8.83132E+01, 69.791945910
 8.89354E+01, 70.093957100
 8.94026E+01, 70.395696070
 8.98704E+01, 70.697488630
 9.03387E+01, 70.999201350
 9.08076E+01, 71.300895340
 9.12765E+01, 71.602819450
 9.17458E+01, 71.905875630
 9.22157E+01, 72.208098520
 9.26861E+01, 72.510774370
 9.31571E+01, 72.812560930
 9.36286E+01, 73.114380050
 9.41006E+01, 73.416099170
 9.45731E+01, 73.718027200
 9.50460E+01, 74.019869870
 9.55195E+01, 74.321689980
 9.59934E+01, 74.623695260
 9.64677E+01, 74.925895700
 9.69426E+01, 75.228061580
 9.74178E+01, 75.530223660
 9.78934E+01, 75.833008720
 9.83695E+01, 76.134818720
 9.88460E+01, 76.436996230
 9.93229E+01, 76.739011320
 9.98001E+01, 77.041869320
 1.00278E+02, 77.343784030
 1.00756E+02, 77.645649120
 1.01234E+02, 77.948121890
 1.01713E+02, 78.250598060
 1.02192E+02, 78.552843600
 1.02671E+02, 78.855407440
 1.03151E+02, 79.157567100
 1.03631E+02, 79.459689700
 1.04111E+02, 79.761718870
 1.04592E+02, 80.063576610
 1.05072E+02, 80.365471720
 1.05553E+02, 80.667463430
 1.06035E+02, 80.969489240
 1.06516E+02, 81.271223000
 1.06998E+02, 81.573431710
 1.07480E+02, 81.875707650
 1.07963E+02, 82.179059040
 1.08445E+02, 82.481160550
 1.08928E+02, 82.783030470
 1.09410E+02, 83.084822040
 1.09894E+02, 83.386473330
 1.10377E+02, 83.688285940
 1.10860E+02, 83.990108270
 1.11344E+02, 84.292066150
 1.11989E+02, 84.593961620
 1.12472E+02, 84.895636710
 1.12956E+02, 85.197538630
 1.13440E+02, 85.499422580
 1.13925E+02, 85.801248510
 1.14408E+02, 86.102980660
 1.14892E+02, 86.404635620
 1.15376E+02, 86.706412360
 1.15860E+02, 87.008249160
 1.16344E+02, 87.310286700
 1.16828E+02, 87.612293370
 1.17312E+02, 87.914360570
 1.17796E+02, 88.216399810
 1.18280E+02, 88.518667020
 1.18764E+02, 88.820731070
 1.19248E+02, 89.122504910
 1.19732E+02, 89.424140370
 1.20217E+02, 89.725996160
 1.20701E+02, 90.027861170
 1.21185E+02, 90.329737890
 1.21669E+02, 90.631317860
 1.22153E+02, 90.933514030
 1.22637E+02, 91.235725500
 1.23120E+02, 91.537945750
 1.23604E+02, 91.841080030
 1.24088E+02, 92.143101990
 1.24571E+02, 92.445017030
 1.25055E+02, 92.746942760
 1.25538E+02, 93.048897690
 1.26021E+02, 93.350686460
 1.26505E+02, 93.652934790
 1.26987E+02, 93.955297590
 1.27470E+02, 94.257419750
 1.27953E+02, 94.559486850
 1.28435E+02, 94.862004590
 1.28918E+02, 95.164047840
 1.29400E+02, 95.465926080
 1.29882E+02, 95.767924850
 1.30364E+02, 96.069861780
 1.30845E+02, 96.372009070
 1.31327E+02, 96.674132940
 1.31808E+02, 96.976311750
 1.32289E+02, 97.278245890
 1.32769E+02, 97.580480590
 1.33250E+02, 97.882516630
 1.33730E+02, 98.184845120
 1.34210E+02, 98.486639900
 1.34689E+02, 98.788497330
 1.35169E+02, 99.090320060
 1.35648E+02, 99.392723650
 1.36286E+02, 99.694577850
 1.36765E+02, 99.996500050
 1.37243E+02, 100.298169790
 1.37720E+02, 100.600315180
 1.38198E+02, 100.902139570
 1.38674E+02, 101.204161770
 1.39151E+02, 101.507245510
 1.39627E+02, 101.809622440
 1.40102E+02, 102.111539400
 1.40578E+02, 102.413565220
 1.41053E+02, 102.715507870
 1.41527E+02, 103.017078220
 1.42001E+02, 103.318502090
 1.42475E+02, 103.620479610
 1.42948E+02, 103.922455160
 1.43421E+02, 104.224760870
 1.43894E+02, 104.527664970
 1.44366E+02, 104.829352140
 1.44837E+02, 105.131485990
 1.45309E+02, 105.433292750
 1.45779E+02, 105.735501020
 1.46250E+02, 106.037189990
 1.46719E+02, 106.339146310
 1.47189E+02, 106.641298620
 1.47658E+02, 106.943906250
 1.48126E+02, 107.246415590
 1.48594E+02, 107.548502720
 1.49061E+02, 107.850723400
 1.49528E+02, 108.152661950
 1.49995E+02, 108.454463540
 1.50461E+02, 108.757011060
 1.50926E+02, 109.059120460
 1.51391E+02, 109.361094040
 1.51855E+02, 109.663330460
 1.52319E+02, 109.965426410
 1.52782E+02, 110.267632960
 1.53245E+02, 110.569863770
 1.53707E+02, 110.872069930
 1.54168E+02, 111.174286210
 1.54629E+02, 111.476786420
 1.55089E+02, 111.778508360
 1.55549E+02, 112.080705200
 1.56008E+02, 112.382816790
 1.56467E+02, 112.684622070
 1.56925E+02, 112.986785900
 1.57382E+02, 113.288794940
 1.57839E+02, 113.591705550
 1.58295E+02, 113.893294570
 1.58902E+02, 114.195099510
 1.59356E+02, 114.497967780
 1.59810E+02, 114.799921920
 1.60263E+02, 115.101889130
 1.60716E+02, 115.403684490
 1.61167E+02, 115.705408930
 1.61618E+02, 116.007219440
 1.62068E+02, 116.308927950
 1.62518E+02, 116.610694710
 1.62967E+02, 116.912813860
 1.63415E+02, 117.214646810
 1.63862E+02, 117.516701480
 1.64309E+02, 117.818517890
 1.64755E+02, 118.120498120
 1.65200E+02, 118.423356930
 1.65645E+02, 118.725395020
 1.66089E+02, 119.027145050
 1.66532E+02, 119.329053940
 1.66974E+02, 119.630998200
 1.67415E+02, 119.933047070
 1.67856E+02, 120.235282580
 1.68296E+02, 120.537431620
 1.68735E+02, 120.841167400
 1.69174E+02, 121.143711310
 1.69612E+02, 121.445949680
 1.70048E+02, 121.748149420
 1.70484E+02, 122.050318910
 1.70920E+02, 122.352356200
 1.71354E+02, 122.654896650
 1.71788E+02, 122.956860590
 1.72221E+02, 123.259145400
 1.72653E+02, 123.561561510
 1.73084E+02, 123.863676950
 1.73514E+02, 124.166640090
 1.73944E+02, 124.469365000
 1.74372E+02, 124.771673050
 1.74800E+02, 125.074075490
 1.75227E+02, 125.375697840
 1.75653E+02, 125.677825680
 1.76078E+02, 125.979590760
 1.76503E+02, 126.281200480
 1.76926E+02, 126.582929730
 1.77349E+02, 126.884730410
 1.77770E+02, 127.186521920
 1.78191E+02, 127.488593990
 1.78611E+02, 127.790586540
 1.79030E+02, 128.093548170
 1.79587E+02, 128.395182500
 1.80004E+02, 128.696993310
 1.80420E+02, 128.998689600
 1.80835E+02, 129.300455610
 1.81249E+02, 129.602879830
 1.81662E+02, 129.904559240
 1.82074E+02, 130.206705490
 1.82485E+02, 130.509395970
 1.82896E+02, 130.811173310
 1.83305E+02, 131.113078240
 1.83713E+02, 131.415066390
 1.84120E+02, 131.716828250
 1.84527E+02, 132.018629630
 1.84932E+02, 132.320410180
 1.85337E+02, 132.622780600
 1.85740E+02, 132.924939280
 1.86143E+02, 133.226733890
 1.86544E+02, 133.528743780
 1.86944E+02, 133.830981000
 1.87344E+02, 134.132860640
 1.87742E+02, 134.434622440
 1.88140E+02, 134.736403940
 1.88536E+02, 135.038444890
 1.88932E+02, 135.340380790
 1.89326E+02, 135.642803850
 1.89720E+02, 135.944900200
 1.90112E+02, 136.246986130
 1.90503E+02, 136.549049620
 1.90894E+02, 136.852153800
 1.91283E+02, 137.154540890
 1.91671E+02, 137.456595970
 1.92058E+02, 137.758705140
 1.92445E+02, 138.060610130
 1.92830E+02, 138.362473330
 1.93214E+02, 138.664694720
 1.93597E+02, 138.967072050
 1.93979E+02, 139.269411170
 1.94359E+02, 139.571337540
 1.94739E+02, 139.873888300
 1.95118E+02, 140.176909570
 1.95496E+02, 140.479087080
 1.95872E+02, 140.780849380
 1.96248E+02, 141.082638590
 1.96622E+02, 141.384562870
 1.96995E+02, 141.687071960
 1.97367E+02, 141.988994130
 1.97738E+02, 142.290982270
 1.98108E+02, 142.592686870
 1.98600E+02, 142.894499980
 1.98967E+02, 143.196561370
 1.99333E+02, 143.498430470
 1.99699E+02, 143.800409200
 2.00063E+02, 144.102427210
 2.00425E+02, 144.404289550
 2.00787E+02, 144.706188880
 2.01148E+02, 145.007878450
 2.01507E+02, 145.310055610
 2.01866E+02, 145.611991800
 2.02223E+02, 145.914550630
 2.02579E+02, 146.216448850
 2.02934E+02, 146.518387350
 2.03287E+02, 146.820645110
 2.03640E+02, 147.122374500
 2.03991E+02, 147.424132460
 2.04342E+02, 147.726294540
 2.04691E+02, 148.028148830
 2.05039E+02, 148.330168430
 2.05385E+02, 148.632507040
 2.05731E+02, 148.934326160
 2.06076E+02, 149.236278040
 2.06419E+02, 149.538930050
 2.06761E+02, 149.841535560
 2.07102E+02, 150.143411590
 2.07441E+02, 150.445321690
 2.07780E+02, 150.747098530
 2.08117E+02, 151.049115020
 2.08453E+02, 151.350885350
 2.08788E+02, 151.652731420
 2.09122E+02, 151.954413690
 2.09455E+02, 152.256409340
 2.09786E+02, 152.558422130
 2.10116E+02, 152.860685500
 2.10445E+02, 153.162828090
 2.10773E+02, 153.465068960
 2.11099E+02, 153.767305270
 2.11425E+02, 154.069212670
 2.11749E+02, 154.371038700
 2.12072E+02, 154.672839440
 2.12393E+02, 154.974871350
 2.12714E+02, 155.277291130
 2.13033E+02, 155.579352660
 2.13351E+02, 155.881742780
 2.13668E+02, 156.183982590
 2.13983E+02, 156.485949900
 2.14297E+02, 156.788335140
 2.14610E+02, 157.090124170
 2.14922E+02, 157.392308270
 2.15336E+02, 157.694083110
 2.15645E+02, 157.996038190
 2.15953E+02, 158.297670960
 2.16259E+02, 158.599416650
 2.16564E+02, 158.901364810
 2.16868E+02, 159.203745600
 2.17171E+02, 159.506713920
 2.17473E+02, 159.808691780
 2.17773E+02, 160.110385820
 2.18072E+02, 160.412415740
 2.18370E+02, 160.714134370
 2.18666E+02, 161.016170410
 2.18962E+02, 161.317987120
 2.19255E+02, 161.619844310
 2.19548E+02, 161.922007190
 2.19840E+02, 162.224194620
 2.20130E+02, 162.526288950
 2.20419E+02, 162.829059290
 2.20706E+02, 163.130912980
 2.20993E+02, 163.432721480
 2.21278E+02, 163.734494620
 2.21562E+02, 164.036521230
 2.21844E+02, 164.338652750
 2.22125E+02, 164.640678260
 2.22406E+02, 164.942725760
 2.22684E+02, 165.244555960
 2.22962E+02, 165.547329550
 2.23238E+02, 165.850361340
 2.23513E+02, 166.152512390
 2.23786E+02, 166.454419310
 2.24059E+02, 166.756235990
 2.24330E+02, 167.058200590
 2.24599E+02, 167.360173710
 2.24868E+02, 167.662418030
 2.25135E+02, 167.964216310
 2.25401E+02, 168.266445220
 2.25666E+02, 168.568560650
 2.25929E+02, 168.871799480
 2.26191E+02, 169.174598960
 2.26452E+02, 169.476627640
 2.26711E+02, 169.778542950
 2.26969E+02, 170.080329540
 2.27226E+02, 170.382112900
 2.27481E+02, 170.683934180
 2.27736E+02, 170.985869280
 2.27989E+02, 171.287778310
 2.28240E+02, 171.590391950
 2.28491E+02, 171.892629270
 2.28822E+02, 172.194360320
 2.29070E+02, 172.496539830
 2.29316E+02, 172.798298470
 2.29560E+02, 173.100080380
 2.29804E+02, 173.401773560
 2.30046E+02, 173.703778720
 2.30287E+02, 174.005731800
 2.30527E+02, 174.307640190
 2.30765E+02, 174.609325050
 2.31002E+02, 174.911197380
 2.31238E+02, 175.213134410
 2.31472E+02, 175.515128370
 2.31706E+02, 175.817249870
 2.31937E+02, 176.119417550
 2.32168E+02, 176.421315720
 2.32397E+02, 176.723134930
 2.32625E+02, 177.025004550
 2.32852E+02, 177.326914650
 2.33077E+02, 177.628944760
 2.33301E+02, 177.931287490
 2.33524E+02, 178.233400360
 2.33745E+02, 178.535658820
 2.33965E+02, 178.839128230
 2.34184E+02, 179.141387340
 2.34402E+02, 179.443271290
 2.34618E+02, 179.745411220
 2.34833E+02, 180.047470790
 2.35046E+02, 180.349565490
 2.35258E+02, 180.651416960
 2.35469E+02, 180.953231130
 2.35679E+02, 181.255480060
 2.35887E+02, 181.557584630
 2.36094E+02, 181.861025140
 2.36300E+02, 182.163213160
 2.36505E+02, 182.465216630
 2.36708E+02, 182.767213800
 2.36909E+02, 183.069309440
 2.37110E+02, 183.371251690
 2.37309E+02, 183.673269690
 2.37507E+02, 183.975114760
 2.37704E+02, 184.276964640
 2.37899E+02, 184.579339610
 2.38093E+02, 184.881294540
 2.38286E+02, 185.184011220
 2.38477E+02, 185.487336860
 2.38667E+02, 185.789304420
 2.38856E+02, 186.091059010
 2.39043E+02, 186.392781150
 2.39291E+02, 186.694708310
 2.39476E+02, 186.996288980
 2.39659E+02, 187.297752020
 2.39841E+02, 187.599303880
 2.40022E+02, 187.901281850
 2.40201E+02, 188.203642050
 2.40379E+02, 188.506901670
 2.40556E+02, 188.809352250
 2.40732E+02, 189.111455140
 2.40906E+02, 189.413740310
 2.41079E+02, 189.716148000
 2.41251E+02, 190.018091910
 2.41421E+02, 190.319715710
 2.41591E+02, 190.621605910
 2.41759E+02, 190.923562090
 2.41925E+02, 191.225758930
 2.42090E+02, 191.528785700
 2.42254E+02, 191.832751720
 2.42417E+02, 192.134891090
 2.42579E+02, 192.437320930
 2.42739E+02, 192.739138500
 2.42898E+02, 193.041120560
 2.43055E+02, 193.343263660
 2.43212E+02, 193.645308150
 2.43367E+02, 193.947476490
 2.43520E+02, 194.249972050
 2.43673E+02, 194.552416260
 2.43824E+02, 194.855578290
 2.43974E+02, 195.157561620
 2.44123E+02, 195.459742530
 2.44270E+02, 195.761651630
 2.44416E+02, 196.063632600
 2.44561E+02, 196.365532270
 2.44704E+02, 196.667731960
 2.44847E+02, 196.969675820
 2.44988E+02, 197.271930380
 2.45128E+02, 197.574245730
 2.45266E+02, 197.876535800
 2.45403E+02, 198.179575810
 2.45539E+02, 198.481601860
 2.45674E+02, 198.784459320
 2.45807E+02, 199.086287150
 2.45940E+02, 199.388211910
 2.46071E+02, 199.690238740
 2.46200E+02, 199.992771610
 2.46371E+02, 200.294325080
 2.46498E+02, 200.596354640
 2.46623E+02, 200.897990170
 2.46748E+02, 201.199752180
 2.46871E+02, 201.503620900
 2.46993E+02, 201.805832620
 2.47114E+02, 202.107669820
 2.47233E+02, 202.409694880
 2.47352E+02, 202.711617800
 2.47469E+02, 203.013495180
 2.47584E+02, 203.315280340
 2.47699E+02, 203.617047200
 2.47813E+02, 203.918977630
 2.47925E+02, 204.220901310
 2.48036E+02, 204.522850470
 2.48145E+02, 204.824802040
 2.48254E+02, 205.126717790
 2.48361E+02, 205.428480250
 2.48467E+02, 205.730548400
 2.48572E+02, 206.032640480
 2.48676E+02, 206.334572520
 2.48778E+02, 206.636373300
 2.48879E+02, 206.938805990
 2.48979E+02, 207.241082990
 2.49078E+02, 207.543002890
 2.49175E+02, 207.844916500
 2.49272E+02, 208.146866870
 2.49367E+02, 208.449496130
 2.49461E+02, 208.751658910
 2.49553E+02, 209.053777790
 2.49645E+02, 209.355964310
 2.49735E+02, 209.658156500
 2.49824E+02, 209.960146730
 2.49912E+02, 210.262140140
 2.49999E+02, 210.564173260
 2.50084E+02, 210.866511270
 2.50169E+02, 211.169082830
 2.50252E+02, 211.471437670
 2.50334E+02, 211.773345860
 2.50414E+02, 212.075488490
 2.50494E+02, 212.377299600
 2.50573E+02, 212.679367000
 2.50650E+02, 212.981256240
 2.50726E+02, 213.283059730
 2.50801E+02, 213.585074830
 2.50875E+02, 213.887104240
 2.50947E+02, 214.190022960
 2.51019E+02, 214.493485110
 2.51112E+02, 214.795129300
 2.51181E+02, 215.096763870
 2.51248E+02, 215.398617850
 2.51314E+02, 215.700462520
 2.51380E+02, 216.002079440
 2.51444E+02, 216.303811500
 2.51508E+02, 216.605475630
 2.51570E+02, 216.907297850
 2.51631E+02, 217.209133200
 2.51691E+02, 217.511590270
 2.51749E+02, 217.813499320
 2.51807E+02, 218.115662500
 2.51863E+02, 218.417737300
 2.51919E+02, 218.720299640
 2.51973E+02, 219.022138390
 2.52026E+02, 219.323915540
 2.52078E+02, 219.625639980
 2.52129E+02, 219.927580620
 2.52178E+02, 220.229454450
 2.52227E+02, 220.531309740
 2.52274E+02, 220.834365810
 2.52321E+02, 221.136192390
 2.52366E+02, 221.438500540
 2.52410E+02, 221.740743020
 2.52453E+02, 222.042699150
 2.52495E+02, 222.344704980
 2.52536E+02, 222.646737910
 2.52575E+02, 222.949071400
 2.52614E+02, 223.251389480
 2.52652E+02, 223.553528810
 2.52688E+02, 223.856091940
 2.52723E+02, 224.157926600
 2.52758E+02, 224.459836580
 2.52791E+02, 224.761978560
 2.52823E+02, 225.064296690
 2.52854E+02, 225.366459660
 2.52884E+02, 225.668697680
 2.52913E+02, 225.970784610
 2.52941E+02, 226.272766740
 2.52968E+02, 226.574940940
 2.52994E+02, 226.876986580
 2.53018E+02, 227.179082030
 2.53042E+02, 227.481090210
 2.53064E+02, 227.783184750
 2.53086E+02, 228.085229610
 2.53106E+02, 228.386974220
 2.53126E+02, 228.689267300
 2.53144E+02, 228.991159050
 2.53162E+02, 229.293204110
 2.53183E+02, 229.594946690
 2.53198E+02, 229.896676130
 2.53212E+02, 230.198509380
 2.53225E+02, 230.501585940
 2.53237E+02, 230.803745900
 2.53248E+02, 231.105508920
 2.53258E+02, 231.407915160
 2.53268E+02, 231.710493480
 2.53276E+02, 232.012492540
 2.53283E+02, 232.314462790
 2.53289E+02, 232.617041920
 2.53295E+02, 232.919105100
 2.53299E+02, 233.221286210
 2.53302E+02, 233.523219300
 2.53304E+02, 233.825037260
 2.53305E+02, 234.127066630
 2.53305E+02, 234.429530930
 2.53304E+02, 234.731482040
 2.53303E+02, 235.033558960
 2.53300E+02, 235.335439140
 2.53296E+02, 235.637130370
 2.53291E+02, 235.938938820
 2.53286E+02, 236.241221020
 2.53279E+02, 236.543347430
 2.53272E+02, 236.845790680
 2.53263E+02, 237.148024490
 2.53253E+02, 237.449910490
 2.53243E+02, 237.752203310
 2.53232E+02, 238.054539370
 2.53219E+02, 238.356536220
 2.53206E+02, 238.658469010
 2.53192E+02, 238.960343840
 2.53176E+02, 239.262640470
 2.53160E+02, 239.564953970
 2.53143E+02, 239.867009990
 2.53125E+02, 240.169413680
 2.53106E+02, 240.471296080
 2.53087E+02, 240.773786710
 2.53066E+02, 241.075662500
 2.53044E+02, 241.377125630
 2.53021E+02, 241.679477420
 2.52998E+02, 241.981507400
 2.52974E+02, 242.283404260
 2.52948E+02, 242.585166270
 2.52922E+02, 242.886897320
 2.52895E+02, 243.188878350
 2.52867E+02, 243.490740360
 2.52838E+02, 243.792596280
 2.52798E+02, 244.094202400
 2.52767E+02, 244.395933240
 2.52736E+02, 244.698289290
 2.52703E+02, 244.999908790
 2.52670E+02, 245.301556870
 2.52636E+02, 245.603268090
 2.52601E+02, 245.905210290
 2.52565E+02, 246.207215460
 2.52528E+02, 246.510496770
 2.52491E+02, 246.812259730
 2.52452E+02, 247.114006560
 2.52413E+02, 247.416152760
 2.52373E+02, 247.718219250
 2.52332E+02, 248.020190560
 2.52290E+02, 248.321968440
 2.52248E+02, 248.623909450
 2.52204E+02, 248.925658940
 2.52160E+02, 249.227502200
 2.52115E+02, 249.529790920
 2.52069E+02, 249.831912650
 2.52022E+02, 250.133728220
 2.51975E+02, 250.435864450
 2.51926E+02, 250.738022950
 2.51877E+02, 251.039940820
 2.51827E+02, 251.341934370
 2.51777E+02, 251.643706500
 2.51725E+02, 251.945706270
 2.51673E+02, 252.247892580
 2.51620E+02, 252.549976000
 2.51566E+02, 252.852468410
 2.51511E+02, 253.154344030
 2.51455E+02, 253.456405920
 2.51399E+02, 253.758779790
 2.51342E+02, 254.061302000
 2.51284E+02, 254.363427750
 2.51226E+02, 254.665366300
 2.51166E+02, 254.967312770
 2.51106E+02, 255.268989310
 2.51045E+02, 255.570657440
 2.50984E+02, 255.872580300
 2.50921E+02, 256.174884800
 2.50858E+02, 256.476727170
 2.50795E+02, 256.778823360
 2.50730E+02, 257.080767110
 2.50665E+02, 257.382799530
 2.50599E+02, 257.684653980
 2.50532E+02, 257.986607060
 2.50464E+02, 258.288888050
 2.50396E+02, 258.591021480
 2.50327E+02, 258.892604240
 2.50234E+02, 259.194242860
 2.50163E+02, 259.496302740
 2.50092E+02, 259.798160030
 2.50020E+02, 260.100089620
 2.49947E+02, 260.403008070
 2.49874E+02, 260.704784970
 2.49801E+02, 261.006488910
 2.49726E+02, 261.308511670
 2.49651E+02, 261.610205600
 2.49575E+02, 261.911923520
 2.49498E+02, 262.213999290
 2.49421E+02, 262.516218270
 2.49343E+02, 262.818026060
 2.49265E+02, 263.120084890
 2.49185E+02, 263.422345490
 2.49106E+02, 263.726171690
 2.49025E+02, 264.027990160
 2.48944E+02, 264.330075190
 2.48862E+02, 264.632092430
 2.48779E+02, 264.934184120
 2.48696E+02, 265.236365280
 2.48612E+02, 265.538496950
 2.48528E+02, 265.841055670
 2.48443E+02, 266.143096020
 2.48357E+02, 266.445191260
 2.48271E+02, 266.747491400
 2.48184E+02, 267.049090490
 2.48096E+02, 267.351441970
 2.48008E+02, 267.653471800
 2.47919E+02, 267.955500660
 2.47830E+02, 268.258019320
 2.47740E+02, 268.560651390
 2.47649E+02, 268.862685060
 2.47558E+02, 269.164614150
 2.47466E+02, 269.466135940
 2.47374E+02, 269.768269460
 2.47281E+02, 270.071119590
 2.47187E+02, 270.373150220
 2.47093E+02, 270.675391290
 2.46999E+02, 270.976988440
 2.46903E+02, 271.279101170
 2.46807E+02, 271.581506450
 2.46711E+02, 271.883377570
 2.46614E+02, 272.186071010
 2.46516E+02, 272.487757320
 2.46418E+02, 272.790397150
 2.46320E+02, 273.092803540
 2.46187E+02, 273.394649220
 2.46087E+02, 273.696421650
 2.45987E+02, 273.998208100
 2.45886E+02, 274.299834660
 2.45784E+02, 274.601825490
 2.45682E+02, 274.903786830
 2.45580E+02, 275.205651800
 2.45477E+02, 275.507979780
 2.45374E+02, 275.810371200
 2.45270E+02, 276.112238000
 2.45166E+02, 276.414478330
 2.45061E+02, 276.716690750
 2.44955E+02, 277.018605490
 2.44849E+02, 277.320579660
 2.44743E+02, 277.622493650
 2.44636E+02, 277.924715900
 2.44528E+02, 278.226266810
 2.44421E+02, 278.529844620
 2.44312E+02, 278.832477800
 2.44203E+02, 279.134721420
 2.44094E+02, 279.436716930
 2.43984E+02, 279.738849800
 2.43874E+02, 280.040918240
 2.43763E+02, 280.343037480
 2.43652E+02, 280.645133980
 2.43540E+02, 280.947148880
 2.43428E+02, 281.249399220
 2.43315E+02, 281.551561290
 2.43202E+02, 281.853859920
 2.43089E+02, 282.156150380
 2.42975E+02, 282.458390160
 2.42860E+02, 282.760583200
 2.42745E+02, 283.062986920
 2.42630E+02, 283.365792080
 2.42515E+02, 283.667978340
 2.42398E+02, 283.970158800
 2.42282E+02, 284.272166780
 2.42165E+02, 284.574245040
 2.42047E+02, 284.876785740
 2.41930E+02, 285.178803880
 2.41811E+02, 285.480753210
 2.41693E+02, 285.782580890
 2.41574E+02, 286.084428010
 2.41454E+02, 286.386593790
 2.41335E+02, 286.688916910
 2.41214E+02, 286.991122670
 2.41053E+02, 287.293431830
 2.40932E+02, 287.595208010
 2.40811E+02, 287.896865780
 2.40689E+02, 288.198813930
 2.40567E+02, 288.502399580
 2.40444E+02, 288.804512700
 2.40322E+02, 289.106100130
 2.40199E+02, 289.407895660
 2.40075E+02, 289.710220390
 2.39951E+02, 290.012093720
 2.39827E+02, 290.313959720
 2.39703E+02, 290.615787660
 2.39578E+02, 290.918100020
 2.39453E+02, 291.220061150
 2.39327E+02, 291.523179900
 2.39201E+02, 291.826540460
 2.39075E+02, 292.128374610
 2.38949E+02, 292.430141830
 2.38822E+02, 292.731854090
 2.38695E+02, 293.033606990
 2.38567E+02, 293.336393750
 2.38439E+02, 293.638478620
 2.38311E+02, 293.940944880
 2.38183E+02, 294.243326470
 2.38054E+02, 294.545194380
 2.37925E+02, 294.847356750
 2.37795E+02, 295.149272300
 2.37666E+02, 295.451292210
 2.37536E+02, 295.753202190
 2.37406E+02, 296.055708780
 2.37275E+02, 296.357957260
 2.37144E+02, 296.660162010
 2.37013E+02, 296.962814280
 2.36882E+02, 297.264993130
 2.36750E+02, 297.567159970
 2.36618E+02, 297.869242730
 2.36486E+02, 298.171600880
 2.36354E+02, 298.474348970
 2.36221E+02, 298.777116750
 2.36088E+02, 299.078931010
 2.35955E+02, 299.381137160
 2.35821E+02, 299.683000020
 2.35687E+02, 299.985216300
 2.35553E+02, 300.287051390
 2.35419E+02, 300.589127900
 2.35285E+02, 300.891619090
 2.35150E+02, 301.193679780
 2.34970E+02, 301.495906980
 2.34835E+02, 301.797704610
 2.34700E+02, 302.099476640
 2.34564E+02, 302.401661190
 2.34428E+02, 302.703851080
 2.34292E+02, 303.005828640
 2.34156E+02, 303.307563760
 2.34020E+02, 303.609525600
 2.33883E+02, 303.911321020
 2.33747E+02, 304.213505340
 2.33610E+02, 304.515774010
 2.33473E+02, 304.817519030
 2.33335E+02, 305.119138870
 2.33198E+02, 305.421589850
 2.33060E+02, 305.724002550
 2.32922E+02, 306.025969750
 2.32784E+02, 306.328072110
 2.32646E+02, 306.630044120
 2.32507E+02, 306.931954560
 2.32369E+02, 307.233822680
 2.32230E+02, 307.536348840
 2.32091E+02, 307.838630940
 2.31952E+02, 308.140367010
 2.31813E+02, 308.442486890
 2.31674E+02, 308.744391880
 2.31534E+02, 309.046410420
 2.31394E+02, 309.348278530
 2.31254E+02, 309.650241690
 2.31114E+02, 309.952065250
 2.30974E+02, 310.254047640
 2.30834E+02, 310.555833340
 2.30694E+02, 310.857664240
 2.30553E+02, 311.159440680
 2.30413E+02, 311.461611560
 2.30272E+02, 311.763818620
 2.30131E+02, 312.066116100
 2.29990E+02, 312.368215100
 2.29849E+02, 312.670297830
 2.29707E+02, 312.972241680
 2.29566E+02, 313.274138650
 2.29425E+02, 313.576466130
 2.29283E+02, 313.878663780
 2.29141E+02, 314.181137050
 2.29000E+02, 314.483461920
 2.28858E+02, 314.786384050
 2.28716E+02, 315.088281510
 2.28574E+02, 315.390394290
 2.28431E+02, 315.692498060
 2.28242E+02, 315.994449720
 2.28099E+02, 316.296362730
 2.27957E+02, 316.598449950
 2.27814E+02, 316.900222480
 2.27672E+02, 317.201954390
 2.27530E+02, 317.504667800
 2.27387E+02, 317.806707800
 2.27244E+02, 318.108764370
 2.27102E+02, 318.412119270
 2.26959E+02, 318.714307150
 2.26816E+02, 319.016247690
 2.26673E+02, 319.318103030
 2.26531E+02, 319.620147320
 2.26388E+02, 319.922678800
 2.26245E+02, 320.224561950
 2.26102E+02, 320.526694710
 2.25959E+02, 320.829233560
 2.25816E+02, 321.131273790
 2.25672E+02, 321.433448790
 2.25529E+02, 321.736214170
 2.25386E+02, 322.038214780
 2.25243E+02, 322.340367740
 2.25100E+02, 322.642168720
 2.24956E+02, 322.943860200
 2.24813E+02, 323.245995220
 2.24670E+02, 323.548178780
 2.24526E+02, 323.850413240
 2.24383E+02, 324.152230350
 2.24240E+02, 324.454116400
 2.24096E+02, 324.756280680
 2.23953E+02, 325.058512930
 2.23810E+02, 325.360496870
 2.23667E+02, 325.662721500
 2.23523E+02, 325.964771070
 2.23380E+02, 326.266565240
 2.23237E+02, 326.568398980
 2.23093E+02, 326.870755880
 2.22950E+02, 327.173113210
 2.22807E+02, 327.475210870
 2.22664E+02, 327.777192660
 2.22520E+02, 328.078913380
 2.22377E+02, 328.380788760
 2.22234E+02, 328.683032830
 2.22091E+02, 328.984907260
 2.21948E+02, 329.286714160
 2.21805E+02, 329.588655100
 2.21662E+02, 329.890857560
 2.21519E+02, 330.192967870
 2.21328E+02, 330.495225230
 2.21185E+02, 330.796902330
 2.21043E+02, 331.098438650
 2.20900E+02, 331.401177730
 2.20757E+02, 331.703043790
 2.20615E+02, 332.004776650
 2.20472E+02, 332.306419330
 2.20330E+02, 332.608188890
 2.20188E+02, 332.910388700
 2.20046E+02, 333.212595160
 2.19903E+02, 333.514850050
 2.19761E+02, 333.816596890
 2.19619E+02, 334.118411590
 2.19477E+02, 334.420550420
 2.19335E+02, 334.722790150
 2.19194E+02, 335.024687810
 2.19052E+02, 335.326660730
 2.18910E+02, 335.628550090
 2.18769E+02, 335.930715960
 2.18627E+02, 336.232865810
 2.18486E+02, 336.535023980
 2.18345E+02, 336.837390440
 2.18204E+02, 337.139479480
 2.18063E+02, 337.441706320
 2.17922E+02, 337.744709490
 2.17781E+02, 338.046923830
 2.17640E+02, 338.348961160
 2.17499E+02, 338.650893100
 2.17359E+02, 338.952986040
 2.17219E+02, 339.255193190
 2.17078E+02, 339.558526100
 2.16938E+02, 339.860848380
 2.16798E+02, 340.163515820
 2.16658E+02, 340.465123940
 2.16518E+02, 340.767082560
 2.16379E+02, 341.069677020
 2.16239E+02, 341.371801160
 2.16100E+02, 341.673743070
 2.15961E+02, 341.975632970
 2.15821E+02, 342.277677280
 2.15682E+02, 342.579775720
 2.15544E+02, 342.881619090
 2.15405E+02, 343.184313920
 2.15266E+02, 343.486235790
 2.15128E+02, 343.788088830
 2.14990E+02, 344.089974320
 2.14852E+02, 344.392854310
 2.14668E+02, 344.694615280
 2.14530E+02, 344.996245330
 2.14392E+02, 345.297860160
 2.14255E+02, 345.599524090
 2.14117E+02, 345.901595020
 2.13980E+02, 346.203228750
 2.13844E+02, 346.505487400
 2.13707E+02, 346.807251320
 2.13570E+02, 347.109059520
 2.13434E+02, 347.411261260
 2.13298E+02, 347.713507100
 2.13162E+02, 348.015387140
 2.13026E+02, 348.317193220
 2.12890E+02, 348.619082430
 2.12755E+02, 348.921401050
 2.12620E+02, 349.223655300
 2.12485E+02, 349.525834110
 2.12350E+02, 349.828993980
 2.12215E+02, 350.131014290
 2.12080E+02, 350.433076070
 2.11946E+02, 350.735049180
 2.11812E+02, 351.037044880
 2.11678E+02, 351.338939000
 2.11544E+02, 351.640573260
 2.11411E+02, 351.942639810
 2.11277E+02, 352.244871260
 2.11144E+02, 352.547149050
 2.11011E+02, 352.849552940
 2.10879E+02, 353.151991690
 2.10746E+02, 353.454164380
 2.10614E+02, 353.756536660
 2.10482E+02, 354.058727530
 2.10350E+02, 354.360797990
 2.10218E+02, 354.663115060
 2.10087E+02, 354.965167110
 2.09955E+02, 355.267082620
 2.09824E+02, 355.569542860
 2.09694E+02, 355.871837430
 2.09563E+02, 356.174228600
 2.09433E+02, 356.476658680
 2.09303E+02, 356.778725770
 2.09173E+02, 357.081045900
 2.09043E+02, 357.383144500
 2.08914E+02, 357.685234640
 2.08785E+02, 357.987033720
 2.08656E+02, 358.288670430
 2.08527E+02, 358.590607630
 2.08399E+02, 358.892637090
 2.08228E+02, 359.194627040
 2.08100E+02, 359.496555530
 2.07972E+02, 359.798450230
 2.07845E+02, 360.100408870
 2.07718E+02, 360.402319070
 2.07591E+02, 360.704125350
 2.07464E+02, 361.005973630
 2.07338E+02, 361.307584300
 2.07212E+02, 361.609295910
 2.07086E+02, 361.911313870
 2.06960E+02, 362.213834120
 2.06835E+02, 362.515866800
 2.06710E+02, 362.817644990
 2.06585E+02, 363.119521160
 2.06461E+02, 363.422133250
 2.06337E+02, 363.724007980
 2.06213E+02, 364.025794180
 2.06089E+02, 364.327626480
 2.05965E+02, 364.629337840
 2.05842E+02, 364.931485380
 2.05719E+02, 365.233611580
 2.05597E+02, 365.535826410
 2.05474E+02, 365.838615980
 2.05352E+02, 366.140622260
 2.05230E+02, 366.442787830
 2.05109E+02, 366.744921960
 2.04988E+02, 367.046702560
 2.04867E+02, 367.349094010
 2.04746E+02, 367.651032910
 2.04626E+02, 367.953377130
 2.04506E+02, 368.255736630
 2.04386E+02, 368.557787200
 2.04266E+02, 368.861551420
 2.04147E+02, 369.164551840
 2.04028E+02, 369.466627050
 2.03910E+02, 369.769046660
 2.03791E+02, 370.071243110
 2.03673E+02, 370.373313710
 2.03555E+02, 370.675332200
 2.03438E+02, 370.977489270
 2.03321E+02, 371.279418440
 2.03204E+02, 371.581419160
 2.03087E+02, 371.883312320
 2.02971E+02, 372.184970730
 2.02855E+02, 372.486781890
 2.02740E+02, 372.788514900
 2.02624E+02, 373.090494210
 2.02509E+02, 373.392331270
 2.02356E+02, 373.694289660
 2.02242E+02, 373.996045850
 2.02128E+02, 374.297779710
 2.02014E+02, 374.599616560
 2.01901E+02, 374.901599240
 2.01788E+02, 375.203438650
 2.01675E+02, 375.505744840
 2.01563E+02, 375.807905370
 2.01451E+02, 376.109791870
 2.01339E+02, 376.412208620
 2.01228E+02, 376.714106900
 2.01117E+02, 377.015816660
 2.01006E+02, 377.317691330
 2.00895E+02, 377.619468320
 2.00785E+02, 377.921640550
 2.00675E+02, 378.223550710
 2.00566E+02, 378.525719100
 2.00457E+02, 378.827862970
 2.00348E+02, 379.130465140
 2.00239E+02, 379.432678460
 2.00131E+02, 379.734693750
 2.00023E+02, 380.036763310
 1.99916E+02, 380.338682810
 1.99809E+02, 380.640569360
 1.99702E+02, 380.942446890
 1.99595E+02, 381.244229240
 1.99489E+02, 381.546200190
 1.99383E+02, 381.848838380
 1.99278E+02, 382.150754130
 1.99173E+02, 382.453103870
 1.99068E+02, 382.756044880
 1.98963E+02, 383.058280980
 1.98859E+02, 383.360321580
 1.98755E+02, 383.662705770
 1.98652E+02, 383.964898010
 1.98549E+02, 384.266969010
 1.98446E+02, 384.568842730
 1.98344E+02, 384.871232590
 1.98242E+02, 385.174002370
 1.98140E+02, 385.476679270
 1.98038E+02, 385.778656150
 1.97937E+02, 386.080935750
 1.97837E+02, 386.382795940
 1.97736E+02, 386.684885720
 1.97637E+02, 386.986766200
 1.97537E+02, 387.288749690
 1.97438E+02, 387.591521680
 1.97306E+02, 387.893445490
 1.97207E+02, 388.196958390
 1.97109E+02, 388.498776710
 1.97012E+02, 388.800587360
 1.96914E+02, 389.102539940
 1.96817E+02, 389.404534950
 1.96721E+02, 389.706243700
 1.96624E+02, 390.007981670
 1.96528E+02, 390.309790960
 1.96433E+02, 390.611708170
 1.96338E+02, 390.913924860
 1.96243E+02, 391.215521140
 1.96148E+02, 391.517640040
 1.96054E+02, 391.819517070
 1.95960E+02, 392.121267450
 1.95867E+02, 392.423642340
 1.95774E+02, 392.725308010
 1.95681E+02, 393.027248860
 1.95589E+02, 393.329333240
 1.95497E+02, 393.631385340
 1.95405E+02, 393.933756870
 1.95314E+02, 394.235691020
 1.95223E+02, 394.537977270
 1.95133E+02, 394.840366730
 1.95043E+02, 395.142383620
 1.94953E+02, 395.444209250
 1.94864E+02, 395.746245190
 1.94775E+02, 396.048452690
 1.94686E+02, 396.350011370
 1.94598E+02, 396.651723840
 1.94510E+02, 396.953587230
 1.94422E+02, 397.255752170
 1.94335E+02, 397.557916150
 1.94249E+02, 397.860074860
 1.94162E+02, 398.162300210
 1.94076E+02, 398.464400800
 1.93991E+02, 398.766679750
 1.93905E+02, 399.068477740
 1.93820E+02, 399.370470730
 1.93736E+02, 399.672446800
 1.93652E+02, 399.974415810
 1.93568E+02, 400.276875090
 1.93485E+02, 400.579276780
 1.93402E+02, 400.881535340
 1.93319E+02, 401.183703620
 1.93237E+02, 401.485572430
 1.93155E+02, 401.787528110
 1.93073E+02, 402.089628710
 1.92992E+02, 402.391799260
 1.92912E+02, 402.693614760
 1.92805E+02, 402.995583970
 1.92725E+02, 403.297366330
 1.92645E+02, 403.599113800
 1.92566E+02, 403.901009570
 1.92488E+02, 404.203002170
 1.92409E+02, 404.505560350
 1.92331E+02, 404.807276370
 1.92254E+02, 405.108895600
 1.92176E+02, 405.411089340
 1.92100E+02, 405.714139960
 1.92023E+02, 406.016156000
 1.91947E+02, 406.318056080
 1.91871E+02, 406.620045930
 1.91796E+02, 406.922580350
 1.91721E+02, 407.224541400
 1.91647E+02, 407.526807610
 1.91573E+02, 407.830535370
 1.91499E+02, 408.132598210
 1.91425E+02, 408.434967980
 1.91352E+02, 408.737247980
 1.91280E+02, 409.039374490
 1.91208E+02, 409.341289880
 1.91136E+02, 409.643281030
 1.91064E+02, 409.945424980
 1.90993E+02, 410.247597260
 1.90923E+02, 410.549622780
 1.90852E+02, 410.851881030
 1.90782E+02, 411.153595050
 1.90713E+02, 411.455568010
 1.90644E+02, 411.757803870
 1.90575E+02, 412.060017000
 1.90507E+02, 412.361704120
 1.90439E+02, 412.663532650
 1.90371E+02, 412.965494340
 1.90304E+02, 413.267071650
 1.90237E+02, 413.569267850
 1.90171E+02, 413.871415690
 1.90105E+02, 414.174096550
 1.90039E+02, 414.477119470
 1.89974E+02, 414.779265260
 1.89909E+02, 415.081098160
 1.89844E+02, 415.382853160
 1.89780E+02, 415.685624730
 1.89717E+02, 415.987540390
 1.89653E+02, 416.289475880
 1.89590E+02, 416.591749020
 1.89507E+02, 416.893590180
 1.89445E+02, 417.195428940
 1.89383E+02, 417.498066020
 1.89322E+02, 417.799902470
 1.89261E+02, 418.101612890
 1.89201E+02, 418.403242340
 1.89140E+02, 418.704867190
 1.89081E+02, 419.006716470
 1.89021E+02, 419.308482980
 1.88962E+02, 419.610381700
 1.88904E+02, 419.912674980
 1.88845E+02, 420.214943460
 1.88788E+02, 420.518130180
 1.88730E+02, 420.820079360
 1.88673E+02, 421.122035280
 1.88616E+02, 421.423839060
 1.88560E+02, 421.725692710
 1.88504E+02, 422.027456470
 1.88448E+02, 422.329599500
 1.88393E+02, 422.631616010
 1.88339E+02, 422.933750680
 1.88284E+02, 423.235704850
 1.88230E+02, 423.538284470
 1.88176E+02, 423.840987440
 1.88123E+02, 424.143512400
 1.88070E+02, 424.445726370
 1.88018E+02, 424.747568440
 1.87966E+02, 425.050034930
 1.87914E+02, 425.352223560
 1.87863E+02, 425.654515480
 1.87812E+02, 425.956679910
 1.87761E+02, 426.258883870
 1.87711E+02, 426.560975510
 1.87661E+02, 426.863957440
 1.87612E+02, 427.165948890
 1.87563E+02, 427.468049490
 1.87514E+02, 427.770183400
 1.87466E+02, 428.072349190
 1.87418E+02, 428.374457870
 1.87370E+02, 428.676754140
 1.87323E+02, 428.978532440
 1.87277E+02, 429.280409170
 1.87230E+02, 429.582570900
 1.87184E+02, 429.884958840
 1.87139E+02, 430.187249620
 1.87093E+02, 430.489516240
 1.87049E+02, 430.792081630
 1.86989E+02, 431.093763590
 1.86945E+02, 431.395389850
 1.86902E+02, 431.697105860
 1.86858E+02, 431.998924380
 1.86816E+02, 432.300608150
 1.86773E+02, 432.602372260
 1.86731E+02, 432.904302990
 1.86689E+02, 433.206401250
 1.86648E+02, 433.509853980
 1.86607E+02, 433.811761010
 1.86566E+02, 434.114088060
 1.86526E+02, 434.415930660
 1.86486E+02, 434.717975270
 1.86446E+02, 435.019817440
 1.86407E+02, 435.321660990
 1.86368E+02, 435.623689820
 1.86330E+02, 435.926003080
 1.86292E+02, 436.227810280
 1.86254E+02, 436.530136560
 1.86216E+02, 436.833552430
 1.86180E+02, 437.135879420
 1.86143E+02, 437.438076560
 1.86107E+02, 437.739952090
 1.86071E+02, 438.042207640
 1.86035E+02, 438.344221130
 1.86000E+02, 438.646144650
 1.85965E+02, 438.948387480
 1.85931E+02, 439.250891500
 1.85897E+02, 439.553415570
 1.85863E+02, 439.856173920
 1.85830E+02, 440.158618230
 1.85797E+02, 440.460944520
 1.85765E+02, 440.763381380
 1.85732E+02, 441.065773480
 1.85700E+02, 441.367970230
 1.85669E+02, 441.670121980
 1.85638E+02, 441.972328530
 1.85607E+02, 442.274427190
 1.85577E+02, 442.576695070
 1.85547E+02, 442.878597280
 1.85517E+02, 443.180487900
 1.85488E+02, 443.482445890
 1.85459E+02, 443.784556060
 1.85430E+02, 444.086561630
 1.85402E+02, 444.388706480
 1.85374E+02, 444.690676180
 1.85346E+02, 444.992557160
 1.85310E+02, 445.294414320
 1.85284E+02, 445.596301410
 1.85257E+02, 445.898300670
 1.85231E+02, 446.200114040
 1.85205E+02, 446.502653130
 1.85180E+02, 446.804515930
 1.85155E+02, 447.107253800
 1.85130E+02, 447.409230620
 1.85106E+02, 447.710954360
 1.85082E+02, 448.012988640
 1.85058E+02, 448.314789680
 1.85035E+02, 448.616652520
 1.85012E+02, 448.918858480
 1.84990E+02, 449.220974830
 1.84967E+02, 449.523207230
 1.84945E+02, 449.825147030
 1.84924E+02, 450.127181310
 1.84903E+02, 450.429441410
 1.84882E+02, 450.731207940
 1.84861E+02, 451.033170690
 1.84841E+02, 451.335168280
 1.84821E+02, 451.636969030
 1.84802E+02, 451.938765810
 1.84783E+02, 452.240969800
 1.84764E+02, 452.542823340
 1.84745E+02, 452.844542420
 1.84727E+02, 453.146758850
 1.84709E+02, 453.449660980
 1.84692E+02, 453.751705590
 1.84675E+02, 454.054079500
 1.84658E+02, 454.356024960
 1.84642E+02, 454.657929750
 1.84625E+02, 454.960108970
 1.84610E+02, 455.262103960
 1.84594E+02, 455.564273700
 1.84579E+02, 455.867429070
 1.84564E+02, 456.170649260
 1.84550E+02, 456.472986570
 1.84536E+02, 456.775429790
 1.84522E+02, 457.077223340
 1.84508E+02, 457.379139210
 1.84495E+02, 457.680763960
 1.84482E+02, 457.982413750
 1.84470E+02, 458.284263380
 1.84458E+02, 458.586398250
 1.84446E+02, 458.888635600
 1.84434E+02, 459.190786820
 1.84423E+02, 459.492937720
 1.84409E+02, 459.795238000
 1.84398E+02, 460.096981730
 1.84388E+02, 460.398658880
 1.84378E+02, 460.700391830
 1.84369E+02, 461.002246880
 1.84359E+02, 461.304012200
 1.84350E+02, 461.605664190
 1.84342E+02, 461.907164400
 1.84333E+02, 462.209009380
 1.84325E+02, 462.512032590
 1.84318E+02, 462.813838380
 1.84310E+02, 463.116298730
 1.84303E+02, 463.418098110
 1.84297E+02, 463.719841380
 1.84290E+02, 464.021725030
 1.84284E+02, 464.323504320
 1.84278E+02, 464.625217580
 1.84273E+02, 464.927628640
 1.84267E+02, 465.229618490
 1.84263E+02, 465.531837810
 1.84258E+02, 465.834695410
 1.84254E+02, 466.137063640
 1.84250E+02, 466.439500970
 1.84246E+02, 466.741301710
 1.84243E+02, 467.043195520
 1.84239E+02, 467.345191070
 1.84237E+02, 467.647034040
 1.84234E+02, 467.949119130
 1.84232E+02, 468.251031010
 1.84230E+02, 468.552928390
 1.84229E+02, 468.855011810
 1.84227E+02, 469.157131640
 1.84226E+02, 469.459083220
 1.84225E+02, 469.760944130
 1.84225E+02, 470.062903660
 1.84225E+02, 470.364991540
 1.84225E+02, 470.667216690
 1.84226E+02, 470.969366350
 1.84226E+02, 471.271507810
 1.84227E+02, 471.573723090
 1.84229E+02, 471.877351770
 1.84230E+02, 472.179904880
 1.84232E+02, 472.481910960
 1.84234E+02, 472.784049550
 1.84237E+02, 473.085874910
 1.84240E+02, 473.387466000
 1.84243E+02, 473.689493030
 1.84246E+02, 473.991470590
 1.84249E+02, 474.293642640
 1.84255E+02, 474.595767800
 1.84259E+02, 474.897240650
 1.84263E+02, 475.199201490
 1.84268E+02, 475.502212240
 1.84273E+02, 475.804471490
 1.84279E+02, 476.106406580
 1.84284E+02, 476.408065700
 1.84290E+02, 476.709822650
 1.84296E+02, 477.011729280
 1.84302E+02, 477.313586830
 1.84309E+02, 477.616125420
 1.84316E+02, 477.918250120
 1.84323E+02, 478.220180060
 1.84330E+02, 478.522413810
 1.84338E+02, 478.824547530
 1.84346E+02, 479.126834340
 1.84354E+02, 479.428775650
 1.84363E+02, 479.731358720
 1.84371E+02, 480.033888400
 1.84380E+02, 480.335736180
 1.84389E+02, 480.637656940
 1.84399E+02, 480.939771420
 1.84409E+02, 481.241922430
 1.84419E+02, 481.544022080
 1.84429E+02, 481.846203990
 1.84440E+02, 482.148346630
 1.84450E+02, 482.450316130
 1.84461E+02, 482.752242200
 1.84473E+02, 483.054437600
 1.84484E+02, 483.356542760
 1.84496E+02, 483.658375210
 1.84508E+02, 483.960460540
 1.84520E+02, 484.262587280
 1.84533E+02, 484.564837630
 1.84546E+02, 484.867138470
 1.84559E+02, 485.170840730
 1.84572E+02, 485.473019340
 1.84586E+02, 485.774876230
 1.84599E+02, 486.077223800
 1.84613E+02, 486.379283280
 1.84628E+02, 486.681144680
 1.84642E+02, 486.983076670
 1.84657E+02, 487.284918030
 1.84672E+02, 487.586694580
 1.84687E+02, 487.888458590
 1.84702E+02, 488.190575570
 1.84718E+02, 488.492381920
 1.84739E+02, 488.794217220
 1.84756E+02, 489.096061190
 1.84772E+02, 489.397811180
 1.84789E+02, 489.699627600
 1.84806E+02, 490.001393910
 1.84823E+02, 490.303121760
 1.84840E+02, 490.605034260
 1.84857E+02, 490.907381480
 1.84875E+02, 491.209381950
 1.84893E+02, 491.512656390
 1.84911E+02, 491.814656400
 1.84930E+02, 492.116793530
 1.84948E+02, 492.418778870
 1.84967E+02, 492.720777930
 1.84986E+02, 493.022721090
 1.85005E+02, 493.324584730
 1.85025E+02, 493.626562310
 1.85045E+02, 493.928826730
 1.85064E+02, 494.231019710
 1.85085E+02, 494.533181830
 1.85105E+02, 494.836924380
 1.85125E+02, 495.139759030
 1.85146E+02, 495.441368250
 1.85167E+02, 495.743062580
 1.85188E+02, 496.045646150
 1.85210E+02, 496.347640960
 1.85231E+02, 496.649721380
 1.85253E+02, 496.951882450
 1.85275E+02, 497.254051540
 1.85297E+02, 497.556299370
 1.85320E+02, 497.859382300
 1.85342E+02, 498.162465340
 1.85365E+02, 498.464457880
 1.85388E+02, 498.766517960
 1.85411E+02, 499.068944990
 1.85435E+02, 499.371533970
 1.85458E+02, 499.673649110
 1.85482E+02, 499.976029710
 1.85506E+02, 500.277916950
 1.85530E+02, 500.580152470
 1.85555E+02, 500.882313340
 1.85579E+02, 501.184145620
 1.85604E+02, 501.486515900
 1.85629E+02, 501.788816680
 1.85654E+02, 502.090691010
 1.85680E+02, 502.392747890
 1.85714E+02, 502.694358400
 1.85739E+02, 502.996024640
 1.85765E+02, 503.297883630
 1.85791E+02, 503.599438740
 1.85818E+02, 503.900930040
 1.85844E+02, 504.203416280
 1.85871E+02, 504.528065100
 1.85897E+02, 504.830417040
 1.85924E+02, 505.133140580
 1.85951E+02, 505.435323330
 1.85979E+02, 505.737160690
 1.86006E+02, 506.039168370
 1.86034E+02, 506.341242070
 1.86062E+02, 506.643074880
 1.86090E+02, 506.944991980
 1.86118E+02, 507.247273480
 1.86146E+02, 507.549424540
 1.86174E+02, 507.852447750
 1.86203E+02, 508.155497120
 1.86232E+02, 508.458121220
 1.86261E+02, 508.761102950
 1.86290E+02, 509.063757370
 1.86319E+02, 509.365725520
 1.86349E+02, 509.667941500
 1.86378E+02, 509.969855900
 1.86408E+02, 510.271554690
 1.86438E+02, 510.573781990
 1.86468E+02, 510.876559540
 1.86498E+02, 511.178995670
 1.86529E+02, 511.480818500
 1.86559E+02, 511.782829850
 1.86590E+02, 512.084639640
 1.86621E+02, 512.386922190
 1.86652E+02, 512.689218680
 1.86683E+02, 512.991483040
 1.86725E+02, 513.293299360
 1.86757E+02, 513.594990240
 1.86788E+02, 513.896695630
 1.86820E+02, 514.198655120
 1.86852E+02, 514.502533610
 1.86884E+02, 514.804600760
 1.86916E+02, 515.106310580
 1.86949E+02, 515.408094360
 1.86981E+02, 515.710325430
 1.87014E+02, 516.012404200
 1.87046E+02, 516.314942430
 1.87079E+02, 516.616728290
 1.87112E+02, 516.918770780
 1.87145E+02, 517.220939420
 1.87179E+02, 517.523901870
 1.87212E+02, 517.825673690
 1.87246E+02, 518.127444080
 1.87279E+02, 518.429206690
 1.87313E+02, 518.731061670
 1.87347E+02, 519.032964600
 1.87381E+02, 519.334959410
 1.87415E+02, 519.636709490
 1.87450E+02, 519.939099850
 1.87484E+02, 520.241416480
 1.87519E+02, 520.544114310
 1.87553E+02, 520.847060180
 1.87588E+02, 521.149126620
 1.87623E+02, 521.450850360
 1.87658E+02, 521.752817770
 1.87693E+02, 522.054826640
 1.87728E+02, 522.357013870
 1.87764E+02, 522.659822520
 1.87799E+02, 522.961731400
 1.87835E+02, 523.263646860
 1.87871E+02, 523.565982820
 1.87907E+02, 523.868533530
 1.87943E+02, 524.171141250
 1.87979E+02, 524.473192680
 1.88015E+02, 524.774961690
 1.88051E+02, 525.077446730
 1.88088E+02, 525.379352770
 1.88124E+02, 525.681321270
 1.88161E+02, 525.983313720
 1.88197E+02, 526.285172310
 1.88234E+02, 526.587564280
 1.88271E+02, 526.889571810
 1.88308E+02, 527.191696810
 1.88358E+02, 527.493719370
 1.88395E+02, 527.795463600
 1.88432E+02, 528.097216880
 1.88470E+02, 528.399063560
 1.88508E+02, 528.700700530
 1.88545E+02, 529.002353430
 1.88583E+02, 529.303904540
 1.88621E+02, 529.605502140
 1.88658E+02, 529.907071220
 1.88696E+02, 530.209251090
 1.88734E+02, 530.511972060
 1.88773E+02, 530.813774810
 1.88811E+02, 531.115512780
 1.88849E+02, 531.417415800
 1.88888E+02, 531.719155420
 1.88926E+02, 532.021204490
 1.88965E+02, 532.322859180
 1.89003E+02, 532.624828690
 1.89042E+02, 532.927017520
 1.89081E+02, 533.229475650
 1.89120E+02, 533.532070260
 1.89159E+02, 533.835438130
 1.89198E+02, 534.137333690
 1.89237E+02, 534.439260970
 1.89276E+02, 534.741308570
 1.89316E+02, 535.043382930
 1.89355E+02, 535.345195430
 1.89394E+02, 535.647151960
 1.89434E+02, 535.949930960
 1.89474E+02, 536.252568540
 1.89513E+02, 536.554756820
 1.89553E+02, 536.857292550
 1.89593E+02, 537.160279360
 1.89633E+02, 537.462452040
 1.89673E+02, 537.764704090
 1.89713E+02, 538.066713810
 1.89753E+02, 538.368771690
 1.89793E+02, 538.671296720
 1.89833E+02, 538.973091380
 1.89873E+02, 539.274787670
 1.89914E+02, 539.577223270
 1.89954E+02, 539.879203790
 1.89995E+02, 540.181294030
 1.90035E+02, 540.483151520
 1.90076E+02, 540.784983060
 1.90116E+02, 541.086947560
 1.90157E+02, 541.388859960
 1.90198E+02, 541.690706820
 1.90239E+02, 541.992664410
 1.90293E+02, 542.294309890
 1.90334E+02, 542.596172600
 1.90375E+02, 542.897963170
 1.90416E+02, 543.199763640
 1.90457E+02, 543.502534980
 1.90498E+02, 543.804227660
 1.90539E+02, 544.105944580
 1.90580E+02, 544.407755790
 1.90622E+02, 544.709449670
 1.90663E+02, 545.011257860
 1.90704E+02, 545.312973190
 1.90745E+02, 545.615715170
 1.90787E+02, 545.917890660
 1.90828E+02, 546.219947140
 1.90870E+02, 546.522234850
 1.90911E+02, 546.824161670
 1.90953E+02, 547.126209930
 1.90994E+02, 547.428503850
 1.91036E+02, 547.730608020
 1.91078E+02, 548.032781320
 1.91119E+02, 548.334757830
 1.91161E+02, 548.636636170
 1.91203E+02, 548.938671600
 1.91245E+02, 549.240740230
 1.91287E+02, 549.542717260
 1.91328E+02, 549.844990390
 1.91370E+02, 550.147051420
 1.91412E+02, 550.449031610
 1.91454E+02, 550.751083260
 1.91496E+02, 551.053338920
 1.91538E+02, 551.355475350
 1.91580E+02, 551.657733390
 1.91622E+02, 551.959937050
 1.91664E+02, 552.262005350
 1.91707E+02, 552.564160500
 1.91749E+02, 552.866388810
 1.91791E+02, 553.169808980
 1.91833E+02, 553.471971150
 1.91875E+02, 553.774201160
 1.91917E+02, 554.076661500
 1.91960E+02, 554.378901720
 1.92002E+02, 554.684271010
 1.92044E+02, 554.986257340
 1.92087E+02, 555.288014150
 1.92129E+02, 555.589895690
 1.92171E+02, 555.892402310
 1.92228E+02, 556.194201490
 1.92270E+02, 556.495953190
 1.92312E+02, 556.798243350
 1.92355E+02, 557.100016030
 1.92397E+02, 557.401624750
 1.92439E+02, 557.703190180
 1.92482E+02, 558.004915630
 1.92524E+02, 558.306677740
 1.92566E+02, 558.608321920
 1.92609E+02, 558.910267590
 1.92651E+02, 559.211924290
 1.92694E+02, 559.514916950
 1.92736E+02, 559.817173410
 1.92778E+02, 560.119509700
 1.92821E+02, 560.421795120
 1.92863E+02, 560.723850190
 1.92906E+02, 561.026673820
 1.92948E+02, 561.328532020
 1.92990E+02, 561.630721440
 1.93033E+02, 561.932592760
 1.93075E+02, 562.235940600
 1.93117E+02, 562.537807500
 1.93160E+02, 562.840659690
 1.93202E+02, 563.142608860
 1.93245E+02, 563.444594490
 1.93287E+02, 563.746650070
 1.93329E+02, 564.048505060
 1.93372E+02, 564.350641480
 1.93414E+02, 564.652765380
 1.93456E+02, 564.954783880
 1.93499E+02, 565.257040030
 1.93541E+02, 565.558995410
 1.93583E+02, 565.861420330
 1.93626E+02, 566.163601590
 1.93668E+02, 566.465647150
 1.93710E+02, 566.767979640
 1.93752E+02, 567.070115870
 1.93795E+02, 567.372233460
 1.93837E+02, 567.674260870
 1.93879E+02, 567.976800360
 1.93921E+02, 568.278608970
 1.93963E+02, 568.580755900
 1.94005E+02, 568.882848250
 1.94048E+02, 569.185822170
 1.94090E+02, 569.488241330
 1.94132E+02, 569.790495480
 1.94174E+02, 570.092392390
 1.94230E+02, 570.394064780
 1.94272E+02, 570.695901640
 1.94314E+02, 570.997757120
 1.94356E+02, 571.299648280
 1.94398E+02, 571.601356790
 1.94440E+02, 571.903001270
 1.94481E+02, 572.204845040
 1.94523E+02, 572.507091870
 1.94565E+02, 572.808766820
 1.94607E+02, 573.110990540
 1.94648E+02, 573.412728570
 1.94690E+02, 573.714593220
 1.94732E+02, 574.016545950
 1.94773E+02, 574.318285610
 1.94815E+02, 574.620405200
 1.94857E+02, 574.922275720
 1.94898E+02, 575.224445200
 1.94940E+02, 575.527308020
 1.94981E+02, 575.829202070
 1.95023E+02, 576.131029710
 1.95064E+02, 576.432813860
 1.95105E+02, 576.734880650
 1.95147E+02, 577.036848450
 1.95188E+02, 577.338807580
 1.95229E+02, 577.640651000
 1.95270E+02, 577.942309060
 1.95312E+02, 578.244249160
 1.95353E+02, 578.546488180
 1.95394E+02, 578.848861150
 1.95435E+02, 579.150597110
 1.95476E+02, 579.452403150
 1.95517E+02, 579.754464580
 1.95558E+02, 580.056387000
 1.95599E+02, 580.358334900
 1.95639E+02, 580.660126730
 1.95680E+02, 580.962162550
 1.95721E+02, 581.264261310
 1.95762E+02, 581.565982540
 1.95802E+02, 581.868636850
 1.95843E+02, 582.171245270
 1.95883E+02, 582.473320180
 1.95924E+02, 582.775422230
 1.95964E+02, 583.077393140
 1.96005E+02, 583.379333700
 1.96045E+02, 583.681352390
 1.96085E+02, 583.983513470
 1.96126E+02, 584.285650180
 1.96166E+02, 584.587883700
 1.96206E+02, 584.890271390
 1.96246E+02, 585.193662610
 1.96299E+02, 585.495716670
 1.96339E+02, 585.797413860
 1.96379E+02, 586.099138300
 1.96419E+02, 586.400846410
 1.96459E+02, 586.702735850
 1.96498E+02, 587.004521910
 1.96538E+02, 587.306433910
 1.96578E+02, 587.608266550
 1.96617E+02, 587.909854730
 1.96657E+02, 588.212639290
 1.96696E+02, 588.516153040
 1.96735E+02, 588.817958030
 1.96775E+02, 589.119958800
 1.96814E+02, 589.421670500
 1.96853E+02, 589.723557250
 1.96892E+02, 590.025387790
 1.96931E+02, 590.327216530
 1.96970E+02, 590.629033840
 1.97009E+02, 590.931337280
 1.97048E+02, 591.233540930
 1.97086E+02, 591.535918220
 1.97125E+02, 591.838903160
 1.97164E+02, 592.140947900
 1.97202E+02, 592.442759010
 1.97241E+02, 592.744722600
 1.97279E+02, 593.046665460
 1.97318E+02, 593.348431570
 1.97356E+02, 593.650296180
 1.97394E+02, 593.952302550
 1.97432E+02, 594.254599380
 1.97470E+02, 594.556694420
 1.97508E+02, 594.858841970
 1.97546E+02, 595.161242090
 1.97584E+02, 595.463099990
 1.97622E+02, 595.764903870
 1.97660E+02, 596.066735420
 1.97697E+02, 596.368886170
 1.97735E+02, 596.670934920
 1.97772E+02, 596.972883990
 1.97810E+02, 597.274829850
 1.97847E+02, 597.576911870
 1.97884E+02, 597.878929760
 1.97922E+02, 598.181156560
 1.97959E+02, 598.482747880
 1.97996E+02, 598.784762580
 1.98033E+02, 599.086673320
 1.98070E+02, 599.388628200
 1.98106E+02, 599.690527260
