 2.00000E+01,  0.000093007 ;
 2.00000E+01,  0.300293469 ;
 2.00000E+01,  0.600504924 ;
 2.00000E+01,  0.900719325 ;
 2.00000E+01,  1.200913966 ;
 2.00000E+01,  1.501115382 ;
 2.01998E+01,  1.801324683 ;
 2.03990E+01,  2.101517804 ;
 2.10587E+01,  3.101695796 ;
 2.17118E+01,  4.101877297 ;
 2.23585E+01,  5.102092442 ;
 2.29987E+01,  6.102286078 ;
 2.36325E+01,  7.102493353 ;
 2.42600E+01,  8.102803691 ;
 2.48813E+01,  9.102984117 ;
 2.54963E+01,  10.103194244 ;
 2.61053E+01,  11.103399775 ;
 2.67082E+01,  12.103587877 ;
 2.73051E+01,  13.104402091 ;
 2.78960E+01,  14.104586867 ;
 2.84811E+01,  15.104847225 ;
 2.90604E+01,  16.105088924 ;
 2.96338E+01,  17.105318316 ;
 3.02016E+01,  18.105724164 ;
 3.07637E+01,  19.105958507 ;
 3.13203E+01,  20.106140615 ;
 3.18712E+01,  21.106382645 ;
 3.24167E+01,  22.106587889 ;
 3.29568E+01,  23.106776765 ;
 3.34915E+01,  24.106985142 ;
 3.40208E+01,  25.107221493 ;
 3.45449E+01,  26.107431575 ;
 3.50638E+01,  27.109481616 ;
 3.55775E+01,  28.109727679 ;
 3.60861E+01,  29.109937961 ;
 3.65897E+01,  30.110256923 ;
 3.70882E+01,  31.110505675 ;
 3.75818E+01,  32.110957894 ;
 3.80704E+01,  33.113163716 ;
 3.85542E+01,  34.113379677 ;
 3.90331E+01,  35.113559258 ;
 3.95073E+01,  36.113785790 ;
 3.99768E+01,  37.115244373 ;
 4.04416E+01,  38.115464704 ;
 4.09018E+01,  39.115658989 ;
 4.13574E+01,  40.115858123 ;
 4.18084E+01,  41.116057661 ;
 4.22550E+01,  42.117226413 ;
 4.26971E+01,  43.117539999 ;
 4.31349E+01,  44.117741277 ;
 4.35682E+01,  45.118002943 ;
 4.39973E+01,  46.118239958 ;
 4.44221E+01,  47.120676259 ;
 4.48426E+01,  48.120873125 ;
 4.52590E+01,  49.121053285 ;
 4.56712E+01,  50.121258526 ;
 4.60793E+01,  51.121461231 ;
 4.64833E+01,  52.121747571 ;
 4.68834E+01,  53.124479603 ;
 4.72794E+01,  54.124761219 ;
 4.76715E+01,  55.124935559 ;
 4.80597E+01,  56.125254516 ;
 4.84441E+01,  57.125755830 ;
 4.88246E+01,  58.128481832 ;
 4.92013E+01,  59.128660501 ;
 4.95743E+01,  60.128985204 ;
 4.99435E+01,  61.129190974 ;
 5.03091E+01,  62.129413211 ;
 5.06711E+01,  63.129622711 ;
 5.10294E+01,  64.129828615 ;
 5.13842E+01,  65.130093932 ;
 5.17354E+01,  66.130295553 ;
 5.20832E+01,  67.130618551 ;
 5.24274E+01,  68.133450162 ;
 5.27683E+01,  69.133690212 ;
 5.31058E+01,  70.133952897 ;
 5.34399E+01,  71.134185857 ;
 5.37706E+01,  72.134475700 ;
 5.40981E+01,  73.137320468 ;
 5.44224E+01,  74.137499984 ;
 5.47434E+01,  75.137722351 ;
 5.50611E+01,  76.137983471 ;
 5.53758E+01,  77.138199544 ;
 5.56873E+01,  78.138837901 ;
 5.59957E+01,  79.139038438 ;
 5.63010E+01,  80.139879809 ;
 5.66033E+01,  81.140126123 ;
 5.69026E+01,  82.140374616 ;
 5.71989E+01,  83.143247922 ;
 5.74923E+01,  84.143509732 ;
 5.77827E+01,  85.143921424 ;
 5.80702E+01,  86.144236607 ;
 5.83549E+01,  87.144458570 ;
 5.86368E+01,  88.145433866 ;
 5.89158E+01,  89.145666299 ;
 5.91921E+01,  90.146041441 ;
 5.94656E+01,  91.146253032 ;
 5.97364E+01,  92.146488650 ;
 6.00045E+01,  93.147230209 ;
 6.02699E+01,  94.147444603 ;
 6.05327E+01,  95.147706642 ;
 6.07928E+01,  96.148025630 ;
 6.10504E+01,  97.148260569 ;
 6.13054E+01,  98.151018142 ;
 6.15579E+01,  99.151258743 ;
 6.18079E+01,  100.151472933 ;
 6.20553E+01,  101.151720921 ;
 6.23004E+01,  102.151947231 ;
 6.25429E+01,  103.154776467 ;
 6.27831E+01,  104.155004535 ;
 6.30208E+01,  105.155232484 ;
 6.32562E+01,  106.155433119 ;
 6.34893E+01,  107.155780191 ;
 6.37200E+01,  108.156385601 ;
 6.39485E+01,  109.156665770 ;
 6.41746E+01,  110.157047555 ;
 6.43985E+01,  111.157247173 ;
 6.46202E+01,  112.157468198 ;
 6.48397E+01,  113.158070317 ;
 6.50570E+01,  114.158276432 ;
 6.52721E+01,  115.158478635 ;
 6.54851E+01,  116.158707986 ;
 6.56959E+01,  117.159022930 ;
 6.59047E+01,  118.159588201 ;
 6.61114E+01,  119.159830497 ;
 6.63160E+01,  120.160073676 ;
 6.65186E+01,  121.160350891 ;
 6.67192E+01,  122.160771273 ;
 6.69178E+01,  123.161455846 ;
 6.71144E+01,  124.161704389 ;
 6.73090E+01,  125.161979837 ;
 6.75017E+01,  126.162196764 ;
 6.76925E+01,  127.162428663 ;
 6.78814E+01,  128.165063956 ;
 6.80684E+01,  129.165294210 ;
 6.82536E+01,  130.165511077 ;
 6.84369E+01,  131.165821476 ;
 6.86183E+01,  132.166150173 ;
 6.87980E+01,  133.169039223 ;
 6.89759E+01,  134.169243513 ;
 6.91520E+01,  135.169634685 ;
 6.93264E+01,  136.170047102 ;
 6.94990E+01,  137.170824699 ;
 6.96699E+01,  138.171094680 ;
 6.98391E+01,  139.171306144 ;
 7.00066E+01,  140.171519318 ;
 7.01725E+01,  141.171724396 ;
 7.03367E+01,  142.171941844 ;
 7.04992E+01,  143.174630515 ;
 7.06602E+01,  144.174820056 ;
 7.08195E+01,  145.175371481 ;
 7.09773E+01,  146.175666316 ;
 7.11335E+01,  147.176118578 ;
 7.12881E+01,  148.176714289 ;
 7.14412E+01,  149.177032531 ;
 7.15928E+01,  150.177246940 ;
 7.17429E+01,  151.177518328 ;
 7.18914E+01,  152.177784346 ;
 7.20385E+01,  153.178408940 ;
 7.21842E+01,  154.178601585 ;
 7.23283E+01,  155.178796760 ;
 7.24711E+01,  156.179045102 ;
 7.26124E+01,  157.179254183 ;
 7.27523E+01,  158.181935043 ;
 7.28908E+01,  159.182165433 ;
 7.30280E+01,  160.182392835 ;
 7.31637E+01,  161.182635945 ;
 7.32982E+01,  162.182919485 ;
 7.34313E+01,  163.183126552 ;
 7.35630E+01,  164.183368333 ;
 7.36935E+01,  165.183717977 ;
 7.38226E+01,  166.184058107 ;
 7.39505E+01,  167.184258035 ;
 7.40771E+01,  168.184485680 ;
 7.42024E+01,  169.184727452 ;
 7.43265E+01,  170.184941723 ;
 7.44493E+01,  171.185151332 ;
 7.45710E+01,  172.185406424 ;
 7.46914E+01,  173.185727511 ;
 7.48106E+01,  174.186151556 ;
 7.49286E+01,  175.186477230 ;
 7.50455E+01,  176.186942977 ;
 7.51612E+01,  177.187173829 ;
 7.52757E+01,  178.187603187 ;
 7.53891E+01,  179.187862091 ;
 7.55014E+01,  180.188130903 ;
 7.56125E+01,  181.188341235 ;
 7.57226E+01,  182.188556085 ;
 7.58315E+01,  183.188768239 ;
 7.59394E+01,  184.188972731 ;
 7.60462E+01,  185.189167886 ;
 7.61519E+01,  186.189546864 ;
 7.62566E+01,  187.189834236 ;
 7.63602E+01,  188.190127099 ;
 7.64628E+01,  189.190599594 ;
 7.65644E+01,  190.191394859 ;
 7.66650E+01,  191.191611551 ;
 7.67645E+01,  192.191851088 ;
 7.68631E+01,  193.192064080 ;
 7.69607E+01,  194.192360688 ;
 7.70573E+01,  195.192665962 ;
 7.71530E+01,  196.192881455 ;
 7.72477E+01,  197.193117663 ;
 7.73415E+01,  198.193315414 ;
 7.74343E+01,  199.193696657 ;
 7.75262E+01,  200.194548879 ;
 7.76172E+01,  201.197495225 ;
 7.77073E+01,  202.197873685 ;
 7.77965E+01,  203.198101190 ;
 7.78848E+01,  204.198328643 ;
 7.79722E+01,  205.198676596 ;
 7.80674E+01,  206.201039024 ;
 7.81530E+01,  207.201237007 ;
 7.82377E+01,  208.201439568 ;
 7.83216E+01,  209.201639492 ;
 7.84047E+01,  210.201854004 ;
 7.84870E+01,  211.204377984 ;
 7.85684E+01,  212.204601043 ;
 7.86490E+01,  213.205434994 ;
 7.87288E+01,  214.205656821 ;
 7.88078E+01,  215.205923541 ;
 7.88861E+01,  216.208625471 ;
 7.89636E+01,  217.208879698 ;
 7.90403E+01,  218.209293747 ;
 7.91162E+01,  219.209504344 ;
 7.91914E+01,  220.209716928 ;
 7.92658E+01,  221.212090007 ;
 7.93395E+01,  222.212303071 ;
 7.94125E+01,  223.212579591 ;
 7.94847E+01,  224.212853591 ;
 7.95562E+01,  225.213243220 ;
 7.96269E+01,  226.216188434 ;
 7.96970E+01,  227.216386249 ;
 7.97664E+01,  228.216697888 ;
 7.98351E+01,  229.216894377 ;
 7.99031E+01,  230.217116913 ;
 7.99705E+01,  231.219759351 ;
 8.00371E+01,  232.219962039 ;
 8.01031E+01,  233.220221353 ;
 8.01684E+01,  234.220428868 ;
 8.02331E+01,  235.220662803 ;
 8.02972E+01,  236.223282511 ;
 8.03606E+01,  237.223462366 ;
 8.04234E+01,  238.223707295 ;
 8.04855E+01,  239.223905081 ;
 8.05471E+01,  240.224161742 ;
 8.06080E+01,  241.226463881 ;
 8.06683E+01,  242.226784444 ;
 8.07280E+01,  243.227058797 ;
 8.07872E+01,  244.227278960 ;
 8.08457E+01,  245.227520141 ;
 8.09036E+01,  246.230234730 ;
 8.09610E+01,  247.230483701 ;
 8.10178E+01,  248.230694876 ;
 8.10740E+01,  249.230915770 ;
 8.11297E+01,  250.231180823 ;
 8.11848E+01,  251.233816723 ;
 8.12394E+01,  252.234027660 ;
 8.12934E+01,  253.234224171 ;
 8.13469E+01,  254.234432732 ;
 8.13999E+01,  255.234727013 ;
 8.14523E+01,  256.237436930 ;
 8.15042E+01,  257.237714599 ;
 8.15556E+01,  258.237936141 ;
 8.16065E+01,  259.238187561 ;
 8.16569E+01,  260.238463519 ;
 8.17068E+01,  261.241245024 ;
 8.17561E+01,  262.241477964 ;
 8.18050E+01,  263.241822112 ;
 8.18534E+01,  264.242030061 ;
 8.19013E+01,  265.242281416 ;
 8.19488E+01,  266.244743620 ;
 8.19958E+01,  267.245140493 ;
 8.20423E+01,  268.245385693 ;
 8.20883E+01,  269.245610874 ;
 8.21339E+01,  270.245883908 ;
 8.21790E+01,  271.248637013 ;
 8.22237E+01,  272.248858031 ;
 8.22679E+01,  273.249097700 ;
 8.23117E+01,  274.249299573 ;
 8.23551E+01,  275.249743809 ;
 8.23980E+01,  276.252556725 ;
 8.24405E+01,  277.252757754 ;
 8.24826E+01,  278.252956977 ;
 8.25242E+01,  279.253207817 ;
 8.25654E+01,  280.253440949 ;
 8.26063E+01,  281.254030288 ;
 8.26467E+01,  282.254224962 ;
 8.26867E+01,  283.254431705 ;
 8.27263E+01,  284.254632942 ;
 8.27656E+01,  285.254879898 ;
 8.28044E+01,  286.257425468 ;
 8.28428E+01,  287.257612907 ;
 8.28809E+01,  288.257858514 ;
 8.29186E+01,  289.258056797 ;
 8.29559E+01,  290.258454991 ;
 8.29928E+01,  291.261099085 ;
 8.30294E+01,  292.261435812 ;
 8.30656E+01,  293.261645668 ;
 8.31015E+01,  294.261884722 ;
 8.31370E+01,  295.262150788 ;
 8.31721E+01,  296.262745508 ;
 8.32069E+01,  297.262946687 ;
 8.32413E+01,  298.263171335 ;
 8.32754E+01,  299.263411697 ;
 8.33092E+01,  300.263630576 ;
 8.33426E+01,  301.266227339 ;
 8.33757E+01,  302.266509204 ;
 8.34085E+01,  303.266869571 ;
 8.34409E+01,  304.267153394 ;
 8.34730E+01,  305.267418060 ;
 8.35048E+01,  306.270099520 ;
 8.35363E+01,  307.270301638 ;
 8.35675E+01,  308.270560546 ;
 8.35983E+01,  309.270780466 ;
 8.36289E+01,  310.271081593 ;
 8.36591E+01,  311.271672898 ;
 8.36890E+01,  312.271919339 ;
 8.37187E+01,  313.272139863 ;
 8.37480E+01,  314.272377741 ;
 8.37771E+01,  315.272602318 ;
 8.38059E+01,  316.275423869 ;
 8.38343E+01,  317.275704889 ;
 8.38625E+01,  318.276019371 ;
 8.38904E+01,  319.276237713 ;
 8.39181E+01,  320.276551574 ;
 8.39454E+01,  321.279306587 ;
 8.39725E+01,  322.279519063 ;
 8.39994E+01,  323.279729130 ;
 8.40259E+01,  324.279994498 ;
 8.40522E+01,  325.280299939 ;
 8.40782E+01,  326.280880623 ;
 8.41040E+01,  327.281105130 ;
 8.41295E+01,  328.281354679 ;
 8.41548E+01,  329.281605211 ;
 8.41798E+01,  330.282032032 ;
 8.42046E+01,  331.282287164 ;
 8.42291E+01,  332.282479000 ;
 8.42533E+01,  333.282794784 ;
 8.42774E+01,  334.282990637 ;
 8.43011E+01,  335.283208453 ;
 8.43247E+01,  336.285807086 ;
 8.43480E+01,  337.286004767 ;
 8.43711E+01,  338.286313998 ;
 8.43939E+01,  339.286561805 ;
 8.44166E+01,  340.286959713 ;
 8.44390E+01,  341.287694203 ;
 8.44611E+01,  342.288026825 ;
 8.44831E+01,  343.288280634 ;
 8.45048E+01,  344.288490768 ;
 8.45264E+01,  345.288770917 ;
 8.45477E+01,  346.291342177 ;
 8.45688E+01,  347.291539828 ;
 8.45897E+01,  348.291744975 ;
 8.46103E+01,  349.291951051 ;
 8.46308E+01,  350.292197334 ;
 8.46511E+01,  351.294740143 ;
 8.46711E+01,  352.294997172 ;
 8.46910E+01,  353.295501518 ;
 8.47107E+01,  354.295673457 ;
 8.47301E+01,  355.295892931 ;
 8.47494E+01,  356.296788988 ;
 8.47685E+01,  357.297016620 ;
 8.47874E+01,  358.297213750 ;
 8.48061E+01,  359.297478956 ;
 8.48247E+01,  360.297705038 ;
 8.48448E+01,  361.300285677 ;
 8.48630E+01,  362.300475049 ;
 8.48809E+01,  363.300697212 ;
 8.48987E+01,  364.300905314 ;
 8.49163E+01,  365.301158362 ;
 8.49337E+01,  366.303779040 ;
 8.49510E+01,  367.304066779 ;
 8.49680E+01,  368.304296627 ;
 8.49850E+01,  369.304504009 ;
 8.50017E+01,  370.304878703 ;
 8.50183E+01,  371.305820448 ;
 8.50347E+01,  372.306012669 ;
 8.50509E+01,  373.306240367 ;
 8.50670E+01,  374.306442513 ;
 8.50829E+01,  375.306664424 ;
 8.50987E+01,  376.309363214 ;
 8.51143E+01,  377.309561995 ;
 8.51298E+01,  378.309757361 ;
 8.51451E+01,  379.310108317 ;
 8.51602E+01,  380.310407718 ;
 8.51752E+01,  381.313066519 ;
 8.51900E+01,  382.313722007 ;
 8.52048E+01,  383.313981697 ;
 8.52193E+01,  384.314210061 ;
 8.52337E+01,  385.314484983 ;
 8.52480E+01,  386.315434642 ;
 8.52621E+01,  387.315668142 ;
 8.52761E+01,  388.315904641 ;
 8.52899E+01,  389.316093532 ;
 8.53036E+01,  390.316372669 ;
 8.53172E+01,  391.319108443 ;
 8.53306E+01,  392.319461282 ;
 8.53439E+01,  393.319646026 ;
 8.53571E+01,  394.319894301 ;
 8.53701E+01,  395.320521549 ;
 8.53830E+01,  396.323394246 ;
 8.53958E+01,  397.323724709 ;
 8.54085E+01,  398.324143924 ;
 8.54210E+01,  399.324389152 ;
 8.54334E+01,  400.324699193 ;
 8.54457E+01,  401.325776999 ;
 8.54578E+01,  402.325999275 ;
 8.54699E+01,  403.326202756 ;
 8.54818E+01,  404.326433990 ;
 8.54936E+01,  405.326824325 ;
 8.55053E+01,  406.329676374 ;
 8.55168E+01,  407.329933986 ;
 8.55283E+01,  408.330163792 ;
 8.55396E+01,  409.330593482 ;
 8.55508E+01,  410.331017583 ;
 8.55619E+01,  411.333804529 ;
 8.55729E+01,  412.334009330 ;
 8.55838E+01,  413.334232547 ;
 8.55946E+01,  414.334479054 ;
 8.56053E+01,  415.334708691 ;
 8.56158E+01,  416.335572711 ;
 8.56263E+01,  417.335808783 ;
 8.56367E+01,  418.336004766 ;
 8.56469E+01,  419.336239878 ;
 8.56571E+01,  420.336496182 ;
 8.56671E+01,  421.339324613 ;
 8.56771E+01,  422.339595521 ;
 8.56869E+01,  423.339863648 ;
 8.56967E+01,  424.340067749 ;
 8.57063E+01,  425.340308127 ;
 8.57159E+01,  426.342903471 ;
 8.57254E+01,  427.343113709 ;
 8.57347E+01,  428.343354368 ;
 8.57440E+01,  429.343565075 ;
 8.57532E+01,  430.343847197 ;
 8.57623E+01,  431.345331205 ;
 8.57713E+01,  432.345936176 ;
 8.57802E+01,  433.346176509 ;
 8.57890E+01,  434.346383454 ;
 8.57978E+01,  435.346663913 ;
 8.58064E+01,  436.347021122 ;
 8.58150E+01,  437.347249190 ;
 8.58235E+01,  438.347481600 ;
 8.58319E+01,  439.347766847 ;
 8.58402E+01,  440.348008352 ;
 8.58484E+01,  441.348246582 ;
 8.58565E+01,  442.348522438 ;
 8.58646E+01,  443.348747229 ;
 8.58726E+01,  444.349006039 ;
 8.58805E+01,  445.349256513 ;
 8.58883E+01,  446.349512228 ;
 8.58961E+01,  447.349754425 ;
 8.59037E+01,  448.350150261 ;
 8.59113E+01,  449.350403209 ;
 8.59188E+01,  450.350741622 ;
 8.59263E+01,  451.351025969 ;
 8.59337E+01,  452.351233678 ;
 8.59410E+01,  453.351482136 ;
 8.59482E+01,  454.351768182 ;
 8.59553E+01,  455.351996375 ;
 8.59624E+01,  456.352222645 ;
 8.59694E+01,  457.352453039 ;
 8.59764E+01,  458.352829586 ;
 8.59832E+01,  459.353047974 ;
 8.59900E+01,  460.353405158 ;
 8.59968E+01,  461.353610922 ;
 8.60034E+01,  462.353841912 ;
 8.60100E+01,  463.354121816 ;
 8.60166E+01,  464.354329006 ;
 8.60231E+01,  465.354543348 ;
 8.60295E+01,  466.354755614 ;
 8.60358E+01,  467.354953987 ;
 8.60421E+01,  468.355171514 ;
 8.60483E+01,  469.355374462 ;
 8.60545E+01,  470.355639512 ;
 8.60606E+01,  471.356361602 ;
 8.60666E+01,  472.356696576 ;
 8.60726E+01,  473.357051356 ;
 8.60785E+01,  474.357388715 ;
 8.60843E+01,  475.357643608 ;
 8.60901E+01,  476.357903306 ;
 8.60959E+01,  477.358147213 ;
 8.61015E+01,  478.358454552 ;
 8.61072E+01,  479.358712312 ;
 8.61127E+01,  480.358905489 ;
 8.61183E+01,  481.359101282 ;
 8.61237E+01,  482.359290718 ;
 8.61291E+01,  483.359547000 ;
 8.61345E+01,  484.360030722 ;
 8.61398E+01,  485.360381874 ;
 8.61450E+01,  486.360595771 ;
 8.61502E+01,  487.360838564 ;
 8.61553E+01,  488.361137400 ;
 8.61604E+01,  489.361374046 ;
 8.61655E+01,  490.361595783 ;
 8.61705E+01,  491.361833196 ;
 8.61754E+01,  492.362057994 ;
 8.61803E+01,  493.362291067 ;
 8.61851E+01,  494.362518425 ;
 8.61899E+01,  495.362770599 ;
 8.61947E+01,  496.362985687 ;
 8.61994E+01,  497.363242103 ;
 8.62040E+01,  498.363487436 ;
 8.62086E+01,  499.363725199 ;
 8.62132E+01,  500.363930939 ;
 8.62177E+01,  501.364147875 ;
 8.62222E+01,  502.364393884 ;
 8.62266E+01,  503.364639823 ;
 8.62310E+01,  504.364878223 ;
 8.62353E+01,  505.365154785 ;
 8.62396E+01,  506.365376651 ;
 8.62439E+01,  507.365640672 ;
 8.62481E+01,  508.365884897 ;
 8.62522E+01,  509.366430095 ;
 8.62564E+01,  510.366668591 ;
 8.62604E+01,  511.366913018 ;
 8.62645E+01,  512.367165688 ;
 8.62685E+01,  513.367435849 ;
 8.62725E+01,  514.368060869 ;
 8.62764E+01,  515.368305856 ;
 8.62803E+01,  516.368555750 ;
 8.62841E+01,  517.368811317 ;
 8.62879E+01,  518.369052244 ;
 8.62917E+01,  519.369662354 ;
 8.62954E+01,  520.369866824 ;
 8.62991E+01,  521.370103432 ;
 8.63028E+01,  522.370306080 ;
 8.63064E+01,  523.370590196 ;
 8.63100E+01,  524.371204300 ;
 8.63135E+01,  525.371418798 ;
 8.63171E+01,  526.371649711 ;
 8.63205E+01,  527.371847027 ;
 8.63240E+01,  528.372112609 ;
 8.63274E+01,  529.372753550 ;
 8.63308E+01,  530.372946836 ;
 8.63341E+01,  531.373152265 ;
 8.63374E+01,  532.373389115 ;
 8.63407E+01,  533.373662376 ;
 8.63440E+01,  534.374705763 ;
 8.63472E+01,  535.374930442 ;
 8.63504E+01,  536.375147502 ;
 8.63535E+01,  537.375367602 ;
 8.63566E+01,  538.375651625 ;
 8.63597E+01,  539.376217129 ;
 8.63628E+01,  540.376445506 ;
 8.63658E+01,  541.376649170 ;
 8.63688E+01,  542.376854949 ;
 8.63717E+01,  543.377069959 ;
 8.63747E+01,  544.377629460 ;
 8.63776E+01,  545.377829851 ;
 8.63805E+01,  546.378047387 ;
 8.63833E+01,  547.378280354 ;
 8.63861E+01,  548.378528215 ;
 8.63889E+01,  549.381211275 ;
 8.63917E+01,  550.381411165 ;
 8.63944E+01,  551.381643451 ;
 8.63971E+01,  552.381860785 ;
 8.63998E+01,  553.382146310 ;
 8.64025E+01,  554.384772599 ;
 8.64051E+01,  555.385014365 ;
 8.64077E+01,  556.385243378 ;
 8.64103E+01,  557.385459741 ;
 8.64128E+01,  558.385736984 ;
 8.64154E+01,  559.386446377 ;
 8.64179E+01,  560.386674601 ;
 8.64204E+01,  561.386879903 ;
 8.64228E+01,  562.387083439 ;
 8.64252E+01,  563.387343045 ;
 8.64276E+01,  564.387975960 ;
 8.64300E+01,  565.388203250 ;
 8.64324E+01,  566.388397722 ;
 8.64347E+01,  567.388616024 ;
 8.64370E+01,  568.388839247 ;
 8.64393E+01,  569.391467521 ;
 8.64416E+01,  570.391670816 ;
 8.64438E+01,  571.392006976 ;
 8.64460E+01,  572.392352206 ;
 8.64482E+01,  573.392787883 ;
 8.64504E+01,  574.393594552 ;
 8.64525E+01,  575.393833357 ;
 8.64547E+01,  576.394101482 ;
 8.64568E+01,  577.394342023 ;
 8.64589E+01,  578.394580745 ;
 8.64609E+01,  579.397336704 ;
 8.64630E+01,  580.397545854 ;
 8.64650E+01,  581.397792209 ;
 8.64670E+01,  582.398057721 ;
 8.64690E+01,  583.398300768 ;
 8.64712E+01,  584.400470626 ;
 8.64731E+01,  585.400870678 ;
 8.64750E+01,  586.401103721 ;
 8.64770E+01,  587.401289875 ;
 8.64789E+01,  588.401539444 ;
 8.64807E+01,  589.402487632 ;
 8.64826E+01,  590.402696850 ;
 8.64844E+01,  591.402886646 ;
 8.64862E+01,  592.403073716 ;
 8.64880E+01,  593.403289865 ;
 8.64898E+01,  594.404154971 ;
 8.64915E+01,  595.404369078 ;
 8.64933E+01,  596.404577996 ;
 8.64950E+01,  597.404767218 ;
 8.64967E+01,  598.405172692 ;
 8.64984E+01,  599.405390204 ;
 8.65001E+01,  600.405757660 ;
 8.65018E+01,  601.406217965 ;
 8.65034E+01,  602.406496625 ;
 8.65050E+01,  603.406889010 ;
 8.65066E+01,  604.407155248 ;
 8.65082E+01,  605.407366606 ;
 8.65098E+01,  606.407567479 ;
 8.65114E+01,  607.407878834 ;
 8.65129E+01,  608.408076800 ;
 8.65144E+01,  609.408298001 ;
 8.65159E+01,  610.408519720 ;
 8.65175E+01,  611.408748376 ;
 8.65189E+01,  612.409064131 ;
 8.65204E+01,  613.409286012 ;
 8.65218E+01,  614.409475803 ;
 8.65233E+01,  615.409722504 ;
 8.65247E+01,  616.410141836 ;
 8.65262E+01,  617.410556236 ;
 8.65275E+01,  618.410745991 ;
 8.65289E+01,  619.410953698 ;
 8.65303E+01,  620.411162468 ;
 8.65317E+01,  621.411427226 ;
 8.65330E+01,  622.411650721 ;
 8.65343E+01,  623.411857783 ;
 8.65356E+01,  624.412108103 ;
 8.65369E+01,  625.412340571 ;
 8.65382E+01,  626.412558408 ;
 8.65395E+01,  627.412885158 ;
 8.65408E+01,  628.413093787 ;
 8.65420E+01,  629.413332188 ;
 8.65433E+01,  630.413531982 ;
 8.65445E+01,  631.413747104 ;
 8.65457E+01,  632.413962418 ;
 8.65469E+01,  633.414176579 ;
 8.65481E+01,  634.414415230 ;
 8.65493E+01,  635.414734868 ;
 8.65505E+01,  636.415148546 ;
 8.65516E+01,  637.415559698 ;
 8.65527E+01,  638.415798562 ;
 8.65539E+01,  639.416153309 ;
 8.65550E+01,  640.416430159 ;
 8.65562E+01,  641.416762681 ;
 8.65572E+01,  642.417006873 ;
 8.65583E+01,  643.417307835 ;
 8.65594E+01,  644.417506941 ;
 8.65604E+01,  645.417724178 ;
 8.65615E+01,  646.417964038 ;
 8.65626E+01,  647.418185031 ;
 8.65636E+01,  648.418521082 ;
 8.65646E+01,  649.418775797 ;
 8.65656E+01,  650.419002077 ;
 8.65666E+01,  651.419245760 ;
 8.65676E+01,  652.419618916 ;
 8.65686E+01,  653.419842206 ;
 8.65696E+01,  654.420666437 ;
 8.65706E+01,  655.420864402 ;
 8.65716E+01,  656.421094456 ;
 8.65725E+01,  657.421325759 ;
 8.65734E+01,  658.421552724 ;
 8.65743E+01,  659.421752718 ;
 8.65752E+01,  660.422001719 ;
 8.65761E+01,  661.422196890 ;
 8.65771E+01,  662.422581712 ;
 8.65780E+01,  663.422780744 ;
 8.65789E+01,  664.423026205 ;
 8.65797E+01,  665.423232982 ;
 8.65806E+01,  666.423473872 ;
 8.65814E+01,  667.423703065 ;
 8.65823E+01,  668.423955036 ;
 8.65831E+01,  669.424176124 ;
 8.65839E+01,  670.424381518 ;
 8.65848E+01,  671.424579847 ;
 8.65856E+01,  672.424784013 ;
 8.65865E+01,  673.425008858 ;
 8.65872E+01,  674.425273758 ;
 8.65880E+01,  675.425711963 ;
 8.65888E+01,  676.426191288 ;
 8.65895E+01,  677.426428938 ;
 8.65903E+01,  678.426657409 ;
 8.65910E+01,  679.426846810 ;
 8.65918E+01,  680.427048083 ;
 8.65926E+01,  681.427251050 ;
 8.65933E+01,  682.427479663 ;
 8.65941E+01,  683.427681082 ;
 8.65948E+01,  684.427879205 ;
 8.65955E+01,  685.428076693 ;
 8.65962E+01,  686.428301063 ;
 8.65969E+01,  687.428534509 ;
 8.65975E+01,  688.428761743 ;
 8.65982E+01,  689.429035072 ;
 8.65989E+01,  690.429296793 ;
 8.65996E+01,  691.429638735 ;
 8.66003E+01,  692.429835100 ;
 8.66010E+01,  693.430036105 ;
 8.66017E+01,  694.430227199 ;
 8.66023E+01,  695.430429947 ;
 8.66029E+01,  696.430628961 ;
 8.66035E+01,  697.430856223 ;
 8.66041E+01,  698.431141395 ;
 8.66047E+01,  699.431448461 ;
 8.66054E+01,  700.431639801 ;
 8.66060E+01,  701.431873549 ;
 8.66066E+01,  702.432138002 ;
 8.66072E+01,  703.432348409 ;
 8.66078E+01,  704.432557820 ;
 8.66084E+01,  705.432751663 ;
 8.66090E+01,  706.432952798 ;
 8.66096E+01,  707.433274909 ;
 8.66101E+01,  708.433486433 ;
 8.66107E+01,  709.433690235 ;
 8.66112E+01,  710.433930189 ;
 8.66117E+01,  711.434154846 ;
 8.66123E+01,  712.434412480 ;
 8.66128E+01,  713.434686145 ;
 8.66133E+01,  714.434926416 ;
 8.66139E+01,  715.435348748 ;
 8.66144E+01,  716.435585066 ;
 8.66150E+01,  717.435813906 ;
 8.66155E+01,  718.436052734 ;
 8.66160E+01,  719.436260364 ;
 8.66166E+01,  720.436464838 ;
 8.66171E+01,  721.436669212 ;
 8.66175E+01,  722.436876469 ;
 8.66180E+01,  723.437099569 ;
 8.66185E+01,  724.437316987 ;
 8.66189E+01,  725.437620686 ;
 8.66194E+01,  726.437878201 ;
 8.66198E+01,  727.438070218 ;
 8.66203E+01,  728.438299703 ;
 8.66208E+01,  729.438580658 ;
 8.66212E+01,  730.438793027 ;
 8.66217E+01,  731.439047199 ;
 8.66221E+01,  732.439263087 ;
 8.66226E+01,  733.439568007 ;
 8.66230E+01,  734.439780246 ;
 8.66235E+01,  735.439981305 ;
 8.66240E+01,  736.440236192 ;
 8.66244E+01,  737.440447765 ;
 8.66248E+01,  738.440657305 ;
 8.66252E+01,  739.440904965 ;
 8.66256E+01,  740.441141135 ;
 8.66260E+01,  741.441404628 ;
 8.66264E+01,  742.441638174 ;
 8.66268E+01,  743.441876671 ;
 8.66271E+01,  744.442116404 ;
 8.66275E+01,  745.442333702 ;
 8.66279E+01,  746.442614735 ;
 8.66283E+01,  747.442988092 ;
 8.66287E+01,  748.443231766 ;
 8.66290E+01,  749.443478110 ;
 8.66294E+01,  750.443707205 ;
 8.66298E+01,  751.443952425 ;
 8.66302E+01,  752.444167372 ;
 8.66306E+01,  753.444417476 ;
 8.66310E+01,  754.444658191 ;
 8.66313E+01,  755.444886810 ;
 8.66317E+01,  756.445114028 ;
 8.66321E+01,  757.445344902 ;
 8.66325E+01,  758.445588855 ;
 8.66328E+01,  759.445828223 ;
 8.66331E+01,  760.446048134 ;
 8.66334E+01,  761.446260509 ;
 8.66337E+01,  762.446498433 ;
 8.66340E+01,  763.446729697 ;
 8.66343E+01,  764.447012101 ;
 8.66346E+01,  765.447556652 ;
 8.66349E+01,  766.447808189 ;
 8.66352E+01,  767.448027928 ;
 8.66355E+01,  768.448229671 ;
 8.66358E+01,  769.448441642 ;
 8.66361E+01,  770.448633191 ;
 8.66364E+01,  771.448851808 ;
 8.66367E+01,  772.449048895 ;
 8.66370E+01,  773.449240543 ;
 8.66373E+01,  774.449508661 ;
 8.66376E+01,  775.449758941 ;
 8.66379E+01,  776.449962942 ;
 8.66383E+01,  777.450272439 ;
 8.66386E+01,  778.450523320 ;
 8.66389E+01,  779.450735155 ;
 8.66392E+01,  780.450939535 ;
 8.66395E+01,  781.451153736 ;
 8.66398E+01,  782.451392621 ;
 8.66401E+01,  783.451618383 ;
 8.66403E+01,  784.451856318 ;
 8.66405E+01,  785.452065543 ;
 8.66407E+01,  786.452291840 ;
 8.66410E+01,  787.452522681 ;
 8.66412E+01,  788.452788083 ;
 8.66414E+01,  789.453018884 ;
 8.66417E+01,  790.453229981 ;
 8.66419E+01,  791.453541884 ;
 8.66421E+01,  792.453778914 ;
 8.66423E+01,  793.453992555 ;
 8.66426E+01,  794.454258261 ;
 8.66428E+01,  795.454479330 ;
 8.66430E+01,  796.454869929 ;
 8.66433E+01,  797.455130928 ;
 8.66435E+01,  798.455343987 ;
 8.66437E+01,  799.455620003 ;
 8.66440E+01,  800.455994475 ;
 8.66442E+01,  801.456197205 ;
 8.66444E+01,  802.456411856 ;
 8.66446E+01,  803.456608019 ;
 8.66449E+01,  804.457275627 ;
 8.66451E+01,  805.457536507 ;
 8.66453E+01,  806.457795266 ;
 8.66456E+01,  807.458019818 ;
 8.66458E+01,  808.458321397 ;
 8.66460E+01,  809.460859235 ;
 8.66462E+01,  810.461109512 ;
 8.66465E+01,  811.461330939 ;
 8.66467E+01,  812.461528294 ;
 8.66469E+01,  813.461768664 ;
 8.66472E+01,  814.464346312 ;
 8.66474E+01,  815.464561697 ;
 8.66476E+01,  816.464777909 ;
 8.66478E+01,  817.464996263 ;
 8.66479E+01,  818.465259703 ;
 8.66481E+01,  819.467499620 ;
 8.66482E+01,  820.467728670 ;
 8.66484E+01,  821.467959686 ;
 8.66485E+01,  822.468181519 ;
 8.66487E+01,  823.468462046 ;
 8.66488E+01,  824.471120633 ;
 8.66490E+01,  825.471340849 ;
 8.66491E+01,  826.471568282 ;
 8.66493E+01,  827.471781621 ;
 8.66494E+01,  828.472033924 ;
 8.66496E+01,  829.474649347 ;
 8.66497E+01,  830.474853865 ;
 8.66499E+01,  831.475152047 ;
 8.66501E+01,  832.475416771 ;
 8.66502E+01,  833.475706705 ;
 8.66504E+01,  834.478388350 ;
 8.66505E+01,  835.478593086 ;
 8.66507E+01,  836.478829432 ;
 8.66508E+01,  837.479048337 ;
 8.66510E+01,  838.479298715 ;
 8.66511E+01,  839.481973756 ;
 8.66513E+01,  840.482180167 ;
 8.66514E+01,  841.482390693 ;
 8.66516E+01,  842.482610723 ;
 8.66517E+01,  843.482909824 ;
 8.66519E+01,  844.485520044 ;
 8.66520E+01,  845.485762875 ;
 8.66522E+01,  846.485969053 ;
 8.66523E+01,  847.486163616 ;
 8.66525E+01,  848.486426146 ;
 8.66526E+01,  849.487281414 ;
 8.66528E+01,  850.487519132 ;
 8.66530E+01,  851.487766678 ;
 8.66531E+01,  852.487998747 ;
 8.66533E+01,  853.488284070 ;
 8.66534E+01,  854.490931480 ;
 8.66536E+01,  855.491356465 ;
 8.66537E+01,  856.491573865 ;
 8.66539E+01,  857.491777404 ;
 8.66540E+01,  858.492080325 ;
 8.66542E+01,  859.492923445 ;
 8.66543E+01,  860.493166660 ;
 8.66545E+01,  861.493380070 ;
 8.66546E+01,  862.493580983 ;
 8.66548E+01,  863.493814927 ;
 8.66549E+01,  864.494413124 ;
 8.66551E+01,  865.494625795 ;
 8.66552E+01,  866.494949457 ;
 8.66553E+01,  867.495154581 ;
 8.66554E+01,  868.495417849 ;
 8.66555E+01,  869.498044350 ;
 8.66555E+01,  870.498234049 ;
 8.66556E+01,  871.498405839 ;
 8.66557E+01,  872.498615290 ;
 8.66558E+01,  873.498872772 ;
 8.66559E+01,  874.501590736 ;
 8.66559E+01,  875.501881514 ;
 8.66560E+01,  876.502237422 ;
 8.66561E+01,  877.502465955 ;
 8.66562E+01,  878.502695775 ;
 8.66562E+01,  879.505274045 ;
 8.66563E+01,  880.505483978 ;
 8.66564E+01,  881.505993667 ;
 8.66565E+01,  882.506235279 ;
 8.66565E+01,  883.506470278 ;
 8.66566E+01,  884.509169316 ;
 8.66567E+01,  885.509393370 ;
 8.66568E+01,  886.509625572 ;
 8.66568E+01,  887.509832249 ;
 8.66569E+01,  888.510113163 ;
 8.66570E+01,  889.512700979 ;
 8.66571E+01,  890.512947781 ;
 8.66572E+01,  891.513158185 ;
 8.66572E+01,  892.513403656 ;
 8.66573E+01,  893.513676745 ;
 8.66574E+01,  894.516199417 ;
 8.66575E+01,  895.516426939 ;
 8.66575E+01,  896.516637515 ;
 8.66576E+01,  897.516864367 ;
 8.66577E+01,  898.517126095 ;
 8.66578E+01,  899.517509253 ;
 8.66578E+01,  900.517721336 ;
 8.66579E+01,  901.517904646 ;
 8.66580E+01,  902.518109301 ;
 8.66581E+01,  903.518378557 ;
 8.66581E+01,  904.520972024 ;
 8.66582E+01,  905.521297345 ;
 8.66583E+01,  906.521557134 ;
 8.66584E+01,  907.521773415 ;
 8.66584E+01,  908.521983913 ;
 8.66585E+01,  909.524181429 ;
 8.66586E+01,  910.524386790 ;
 8.66587E+01,  911.524611428 ;
 8.66588E+01,  912.524814874 ;
 8.66588E+01,  913.525041841 ;
 8.66589E+01,  914.527602682 ;
 8.66590E+01,  915.527799848 ;
 8.66591E+01,  916.528054116 ;
 8.66591E+01,  917.528347973 ;
 8.66592E+01,  918.528586008 ;
 8.66593E+01,  919.531241301 ;
 8.66594E+01,  920.531447785 ;
 8.66594E+01,  921.531653142 ;
 8.66595E+01,  922.531886967 ;
 8.66596E+01,  923.532218633 ;
 8.66597E+01,  924.532967512 ;
 8.66597E+01,  925.533180585 ;
 8.66598E+01,  926.533386380 ;
 8.66599E+01,  927.533626218 ;
 8.66600E+01,  928.533888416 ;
 8.66600E+01,  929.536567976 ;
 8.66601E+01,  930.536763825 ;
 8.66602E+01,  931.536966371 ;
 8.66603E+01,  932.537168261 ;
 8.66604E+01,  933.537401994 ;
 8.66604E+01,  934.539960846 ;
 8.66605E+01,  935.540155726 ;
 8.66606E+01,  936.540367319 ;
 8.66607E+01,  937.540556860 ;
 8.66607E+01,  938.540770999 ;
 8.66608E+01,  939.543515056 ;
 8.66609E+01,  940.543783011 ;
 8.66610E+01,  941.543987291 ;
 8.66610E+01,  942.544219988 ;
 8.66611E+01,  943.544411780 ;
 8.66612E+01,  944.547053548 ;
 8.66613E+01,  945.547279044 ;
 8.66613E+01,  946.547482612 ;
 8.66614E+01,  947.547720658 ;
 8.66615E+01,  948.547968003 ;
 8.66616E+01,  949.550508877 ;
 8.66617E+01,  950.550762447 ;
 8.66617E+01,  951.551064417 ;
 8.66618E+01,  952.551273823 ;
 8.66619E+01,  953.551503117 ;
 8.66620E+01,  954.553961291 ;
 8.66620E+01,  955.554148486 ;
 8.66621E+01,  956.554347992 ;
 8.66622E+01,  957.554567310 ;
 8.66623E+01,  958.554827663 ;
 8.66623E+01,  959.557637755 ;
 8.66624E+01,  960.557832235 ;
 8.66625E+01,  961.558038142 ;
 8.66626E+01,  962.558245215 ;
 8.66626E+01,  963.558477262 ;
 8.66627E+01,  964.561226928 ;
 8.66628E+01,  965.561450418 ;
 8.66629E+01,  966.561668816 ;
 8.66629E+01,  967.561879170 ;
