 2.00000E+01,  0.000122183 ;
 2.00000E+01,  1.000348289 ;
 2.03327E+01,  2.000612471 ;
 2.09930E+01,  3.001015544 ;
 2.16468E+01,  4.001665353 ;
 2.22941E+01,  5.001995573 ;
 2.29349E+01,  6.002350046 ;
 2.35694E+01,  7.002768097 ;
 2.41975E+01,  8.003053428 ;
 2.48194E+01,  9.003625804 ;
 2.54351E+01,  10.003928388 ;
 2.60447E+01,  11.004161403 ;
 2.66482E+01,  12.004462212 ;
 2.72457E+01,  13.004775686 ;
 2.78372E+01,  14.005145229 ;
 2.84229E+01,  15.005491026 ;
 2.90027E+01,  16.005801614 ;
 2.95768E+01,  17.006135772 ;
 3.01451E+01,  18.006430257 ;
 3.07078E+01,  19.006747983 ;
 3.12648E+01,  20.007083836 ;
 3.18164E+01,  21.007386069 ;
 3.23624E+01,  22.007690887 ;
 3.29030E+01,  23.007979894 ;
 3.34382E+01,  24.008284612 ;
 3.39681E+01,  25.008565261 ;
 3.44928E+01,  26.008877247 ;
 3.50122E+01,  27.009158372 ;
 3.55264E+01,  28.009486362 ;
 3.60355E+01,  29.009784929 ;
 3.65395E+01,  30.010082533 ;
 3.70386E+01,  31.010375989 ;
 3.75326E+01,  32.010671915 ;
 3.80218E+01,  33.011002492 ;
 3.85060E+01,  34.011326246 ;
 3.89855E+01,  35.011608156 ;
 3.94601E+01,  36.011995149 ;
 3.99301E+01,  37.012347892 ;
 4.03953E+01,  38.012734785 ;
 4.08560E+01,  39.013049413 ;
 4.13120E+01,  40.013405731 ;
 4.17635E+01,  41.013824193 ;
 4.22106E+01,  42.014148115 ;
 4.26531E+01,  43.014421132 ;
 4.30913E+01,  44.014917419 ;
 4.35251E+01,  45.015249113 ;
 4.39546E+01,  46.015551089 ;
 4.43798E+01,  47.015894767 ;
 4.48007E+01,  48.016253462 ;
 4.52175E+01,  49.016712019 ;
 4.56301E+01,  50.017084381 ;
 4.60387E+01,  51.017361394 ;
 4.64431E+01,  52.017698322 ;
 4.68436E+01,  53.018018327 ;
 4.72400E+01,  54.018259652 ;
 4.76325E+01,  55.018460185 ;
 4.80211E+01,  56.018781203 ;
 4.84058E+01,  57.019057837 ;
 4.87867E+01,  58.019375057 ;
 4.91638E+01,  59.019730399 ;
 4.95371E+01,  60.020017716 ;
 4.99068E+01,  61.020374662 ;
 5.02727E+01,  62.020651753 ;
 5.06350E+01,  63.421218112 ;
 5.11362E+01,  64.421665382 ;
 5.14899E+01,  65.421966289 ;
 5.18401E+01,  66.422346124 ;
 5.21868E+01,  67.422791022 ;
 5.25301E+01,  68.423169378 ;
 5.28699E+01,  69.423493155 ;
 5.32064E+01,  70.423800092 ;
 5.35395E+01,  71.424065539 ;
 5.38692E+01,  72.424384805 ;
 5.41957E+01,  73.424648341 ;
 5.45190E+01,  74.424899803 ;
 5.48390E+01,  75.425158586 ;
 5.51559E+01,  76.425426654 ;
 5.54696E+01,  77.425771424 ;
 5.57801E+01,  78.426039328 ;
 5.60876E+01,  79.426307763 ;
 5.63920E+01,  80.426569780 ;
 5.66934E+01,  81.426991797 ;
 5.69918E+01,  82.427266065 ;
 5.72872E+01,  83.427550192 ;
 5.75797E+01,  84.427924445 ;
 5.78693E+01,  85.428190448 ;
 5.81559E+01,  86.428420690 ;
 5.84398E+01,  87.428683061 ;
 5.87208E+01,  88.429202175 ;
 5.89990E+01,  89.429531398 ;
 5.92744E+01,  90.429824120 ;
 5.95471E+01,  91.430073912 ;
 5.98171E+01,  92.430548571 ;
 6.00844E+01,  93.431166461 ;
 6.03490E+01,  94.431670102 ;
 6.06110E+01,  95.431968707 ;
 6.08704E+01,  96.432691553 ;
 6.11272E+01,  97.432881327 ;
 6.13814E+01,  98.433207777 ;
 6.16332E+01,  99.433504010 ;
 6.18824E+01,  100.433847696 ;
 6.21291E+01,  101.434155064 ;
 6.23734E+01,  102.434442249 ;
 6.26152E+01,  103.434779540 ;
 6.28547E+01,  104.435156574 ;
 6.30917E+01,  105.435456185 ;
 6.33264E+01,  106.435902263 ;
 6.35588E+01,  107.436297133 ;
 6.37888E+01,  108.436648705 ;
 6.40165E+01,  109.436944572 ;
 6.42420E+01,  110.437245599 ;
 6.44653E+01,  111.437539483 ;
 6.46863E+01,  112.437805281 ;
 6.49051E+01,  113.438118828 ;
 6.51217E+01,  114.438371510 ;
 6.53362E+01,  115.438598833 ;
 6.55486E+01,  116.438846404 ;
 6.57588E+01,  117.439071083 ;
 6.59669E+01,  118.439264583 ;
 6.61730E+01,  119.439461647 ;
 6.63770E+01,  120.439668059 ;
 6.65790E+01,  121.439907086 ;
 6.67790E+01,  122.440137094 ;
 6.69770E+01,  123.440381157 ;
 6.71730E+01,  124.440796420 ;
 6.73670E+01,  125.441010061 ;
 6.75592E+01,  126.441216905 ;
 6.77494E+01,  127.441513403 ;
 6.79377E+01,  128.441823613 ;
 6.81241E+01,  129.442176023 ;
 6.83087E+01,  130.442438563 ;
 6.84915E+01,  131.442739091 ;
 6.86724E+01,  132.442980367 ;
 6.88516E+01,  133.443217027 ;
 6.90289E+01,  134.443790617 ;
 6.92045E+01,  135.444906606 ;
 6.93783E+01,  136.445169981 ;
 6.95504E+01,  137.445414395 ;
 6.97208E+01,  138.445681119 ;
 6.98895E+01,  139.446014217 ;
 7.00565E+01,  140.448983471 ;
 7.02219E+01,  141.449220981 ;
 7.03856E+01,  142.449528712 ;
 7.05477E+01,  143.449780681 ;
 7.07081E+01,  144.450034250 ;
 7.08670E+01,  145.452862735 ;
 7.10243E+01,  146.453202361 ;
 7.11800E+01,  147.453539023 ;
 7.13342E+01,  148.453796037 ;
 7.14869E+01,  149.454097077 ;
 7.16380E+01,  150.454855462 ;
 7.17876E+01,  151.455110384 ;
 7.19357E+01,  152.455435894 ;
 7.20824E+01,  153.455710618 ;
 7.22276E+01,  154.456067445 ;
 7.23713E+01,  155.457208182 ;
 7.25136E+01,  156.457446044 ;
 7.26545E+01,  157.457729365 ;
 7.27940E+01,  158.457959930 ;
 7.29321E+01,  159.458293690 ;
 7.30688E+01,  160.461279266 ;
 7.32042E+01,  161.461534939 ;
 7.33382E+01,  162.461783473 ;
 7.34709E+01,  163.462041228 ;
 7.36023E+01,  164.462303452 ;
 7.37324E+01,  165.464833485 ;
 7.38611E+01,  166.465091553 ;
 7.39886E+01,  167.465380170 ;
 7.41148E+01,  168.465666466 ;
 7.42397E+01,  169.466001675 ;
 7.43635E+01,  170.469089551 ;
 7.44859E+01,  171.469447792 ;
 7.46072E+01,  172.469770052 ;
 7.47272E+01,  173.470025333 ;
 7.48461E+01,  174.471671652 ;
 7.49638E+01,  175.474864321 ;
 7.50803E+01,  176.475118021 ;
 7.51956E+01,  177.475440079 ;
 7.53099E+01,  178.475739747 ;
 7.54229E+01,  179.476048545 ;
 7.55349E+01,  180.478031318 ;
 7.56457E+01,  181.478312498 ;
 7.57554E+01,  182.478656639 ;
 7.58640E+01,  183.478995537 ;
 7.59715E+01,  184.479345465 ;
 7.60780E+01,  185.482334034 ;
 7.61834E+01,  186.482645923 ;
 7.62878E+01,  187.482913604 ;
 7.63911E+01,  188.483134746 ;
 7.64934E+01,  189.483400802 ;
 7.65947E+01,  190.484721254 ;
 7.66949E+01,  191.484978318 ;
 7.67942E+01,  192.485293683 ;
 7.68925E+01,  193.485585420 ;
 7.69898E+01,  194.485968133 ;
 7.70861E+01,  195.487129592 ;
 7.71815E+01,  196.487418903 ;
 7.72759E+01,  197.487710604 ;
 7.73694E+01,  198.488002136 ;
 7.74620E+01,  199.488378686 ;
 7.75536E+01,  200.491348237 ;
 7.76443E+01,  201.491606935 ;
 7.77341E+01,  202.491826508 ;
 7.78231E+01,  203.492062660 ;
 7.79111E+01,  204.492444886 ;
 7.79983E+01,  205.495310233 ;
 7.80845E+01,  206.495633603 ;
 7.81700E+01,  207.495889545 ;
 7.82546E+01,  208.496126069 ;
 7.83383E+01,  209.496416747 ;
 7.84212E+01,  210.497706807 ;
 7.85033E+01,  211.498097579 ;
 7.85846E+01,  212.498406669 ;
 7.86650E+01,  213.498687032 ;
 7.87447E+01,  214.499022108 ;
 7.88236E+01,  215.500053234 ;
 7.89094E+01,  216.500317995 ;
 7.89867E+01,  217.500553198 ;
 7.90631E+01,  218.500820305 ;
 7.91389E+01,  219.501242371 ;
 7.92138E+01,  220.501554836 ;
 7.92880E+01,  221.501838284 ;
 7.93615E+01,  222.502099753 ;
 7.94342E+01,  223.502367683 ;
 7.95062E+01,  224.502710081 ;
 7.95775E+01,  225.503739747 ;
 7.96480E+01,  226.503976572 ;
 7.97179E+01,  227.504189533 ;
 7.97871E+01,  228.504551603 ;
 7.98556E+01,  229.504856469 ;
 7.99234E+01,  230.507465847 ;
 7.99905E+01,  231.507725622 ;
 8.00570E+01,  232.508035200 ;
 8.01228E+01,  233.508382290 ;
 8.01879E+01,  234.508852523 ;
 8.02524E+01,  235.509184203 ;
 8.03163E+01,  236.509465237 ;
 8.03795E+01,  237.509744591 ;
 8.04421E+01,  238.510011613 ;
 8.05041E+01,  239.512904129 ;
 8.05654E+01,  240.513164037 ;
 8.06262E+01,  241.513421994 ;
 8.06863E+01,  242.513681933 ;
 8.07458E+01,  243.513987307 ;
 8.08048E+01,  244.516784363 ;
 8.08631E+01,  245.517079830 ;
 8.09209E+01,  246.517380246 ;
 8.09781E+01,  247.517653349 ;
 8.10347E+01,  248.518034661 ;
 8.10908E+01,  249.520948572 ;
 8.11463E+01,  250.521262661 ;
 8.12013E+01,  251.521574901 ;
 8.12557E+01,  252.521821844 ;
 8.13095E+01,  253.522167139 ;
 8.13629E+01,  254.525597280 ;
 8.14157E+01,  255.525935688 ;
 8.14679E+01,  256.526222305 ;
 8.15197E+01,  257.526516205 ;
 8.15709E+01,  258.526773437 ;
 8.16217E+01,  259.527077990 ;
 8.16719E+01,  260.527377603 ;
 8.17216E+01,  261.527692604 ;
 8.17709E+01,  262.528046609 ;
 8.18196E+01,  263.528371209 ;
 8.18679E+01,  264.528705506 ;
 8.19156E+01,  265.529046825 ;
 8.19629E+01,  266.529355492 ;
 8.20098E+01,  267.529694646 ;
 8.20561E+01,  268.530014995 ;
 8.21020E+01,  269.530320483 ;
 8.21475E+01,  270.530693666 ;
 8.21925E+01,  271.530974855 ;
 8.22370E+01,  272.531300208 ;
 8.22811E+01,  273.531542487 ;
 8.23248E+01,  274.531803653 ;
 8.23680E+01,  275.532040876 ;
 8.24108E+01,  276.532317331 ;
 8.24531E+01,  277.532660286 ;
 8.24951E+01,  278.533143111 ;
 8.25366E+01,  279.533466136 ;
 8.25777E+01,  280.533781259 ;
 8.26184E+01,  281.534125606 ;
 8.26587E+01,  282.534387281 ;
 8.26986E+01,  283.534702983 ;
 8.27381E+01,  284.535095284 ;
 8.27772E+01,  285.535364529 ;
 8.28160E+01,  286.535754933 ;
 8.28543E+01,  287.536091885 ;
 8.28923E+01,  288.536406161 ;
 8.29298E+01,  289.536674334 ;
 8.29670E+01,  290.536954838 ;
 8.30039E+01,  291.537283678 ;
 8.30403E+01,  292.537621872 ;
 8.30764E+01,  293.537914824 ;
 8.31122E+01,  294.538188282 ;
 8.31476E+01,  295.538480305 ;
 8.31826E+01,  296.538769143 ;
 8.32173E+01,  297.539036101 ;
 8.32516E+01,  298.539336548 ;
 8.32856E+01,  299.539706857 ;
 8.33193E+01,  300.540040824 ;
 8.33526E+01,  301.540556949 ;
 8.33856E+01,  302.540903223 ;
 8.34182E+01,  303.541201640 ;
 8.34506E+01,  304.541505558 ;
 8.34826E+01,  305.541827090 ;
 8.35143E+01,  306.542143534 ;
 8.35457E+01,  307.542457818 ;
 8.35767E+01,  308.542748132 ;
 8.36075E+01,  309.543013398 ;
 8.36380E+01,  310.543338475 ;
 8.36681E+01,  311.543798624 ;
 8.36980E+01,  312.544138562 ;
 8.37275E+01,  313.544431556 ;
 8.37568E+01,  314.544686432 ;
 8.37858E+01,  315.544958539 ;
 8.38144E+01,  316.545234895 ;
 8.38428E+01,  317.545605040 ;
 8.38709E+01,  318.545954904 ;
 8.38988E+01,  319.546269026 ;
 8.39263E+01,  320.546588684 ;
 8.39536E+01,  321.546895439 ;
 8.39806E+01,  322.547186467 ;
 8.40073E+01,  323.547471782 ;
 8.40338E+01,  324.547792372 ;
 8.40600E+01,  325.548131420 ;
 8.40860E+01,  326.548414811 ;
 8.41117E+01,  327.548744360 ;
 8.41371E+01,  328.549101763 ;
 8.41623E+01,  329.549380009 ;
 8.41872E+01,  330.549670982 ;
 8.42119E+01,  331.550023271 ;
 8.42364E+01,  332.550404583 ;
 8.42606E+01,  333.550729129 ;
 8.42845E+01,  334.551120986 ;
 8.43082E+01,  335.551427457 ;
 8.43317E+01,  336.551798708 ;
 8.43550E+01,  337.552105156 ;
 8.43780E+01,  338.552465828 ;
 8.44007E+01,  339.552807959 ;
 8.44233E+01,  340.553233178 ;
 8.44456E+01,  341.553509677 ;
 8.44678E+01,  342.553866205 ;
 8.44896E+01,  343.554214857 ;
 8.45113E+01,  344.554555390 ;
 8.45328E+01,  345.554893902 ;
 8.45540E+01,  346.555295850 ;
 8.45751E+01,  347.555651961 ;
 8.45959E+01,  348.555987436 ;
 8.46165E+01,  349.556416539 ;
 8.46369E+01,  350.556758419 ;
 8.46571E+01,  351.557160652 ;
 8.46771E+01,  352.557421560 ;
 8.46969E+01,  353.557677445 ;
 8.47165E+01,  354.557982764 ;
 8.47359E+01,  355.558261248 ;
 8.47552E+01,  356.558544303 ;
 8.47742E+01,  357.558816182 ;
 8.47931E+01,  358.559064438 ;
 8.48117E+01,  359.559432810 ;
 8.48302E+01,  360.559728546 ;
 8.48485E+01,  361.560045444 ;
 8.48666E+01,  362.560337553 ;
 8.48845E+01,  363.560600971 ;
 8.49022E+01,  364.560913114 ;
 8.49198E+01,  365.561228986 ;
 8.49372E+01,  366.561469540 ;
 8.49544E+01,  367.561744233 ;
 8.49714E+01,  368.562092688 ;
 8.49883E+01,  369.562394337 ;
 8.50050E+01,  370.562703767 ;
 8.50216E+01,  371.563029394 ;
 8.50379E+01,  372.563478915 ;
 8.50542E+01,  373.563790514 ;
 8.50702E+01,  374.564113211 ;
 8.50861E+01,  375.564384765 ;
 8.51018E+01,  376.564639702 ;
 8.51174E+01,  377.564972598 ;
 8.51328E+01,  378.565349369 ;
 8.51481E+01,  379.565650586 ;
 8.51632E+01,  380.566047466 ;
 8.51782E+01,  381.566463335 ;
 8.51930E+01,  382.566881193 ;
 8.52077E+01,  383.567196587 ;
 8.52222E+01,  384.567547451 ;
 8.52366E+01,  385.567892828 ;
 8.52508E+01,  386.568191018 ;
 8.52649E+01,  387.568622340 ;
 8.52789E+01,  388.568972173 ;
 8.52927E+01,  389.569328980 ;
 8.53064E+01,  390.569629671 ;
 8.53199E+01,  391.569893215 ;
 8.53333E+01,  392.570318227 ;
 8.53466E+01,  393.570603688 ;
 8.53597E+01,  394.571162409 ;
 8.53727E+01,  395.571455049 ;
 8.53856E+01,  396.571754494 ;
 8.53984E+01,  397.572068295 ;
 8.54110E+01,  398.572343937 ;
 8.54235E+01,  399.572635569 ;
 8.54359E+01,  400.572939506 ;
 8.54481E+01,  401.573243878 ;
 8.54603E+01,  402.573599578 ;
 8.54723E+01,  403.573914629 ;
 8.54841E+01,  404.574216255 ;
 8.54959E+01,  405.574611129 ;
 8.55076E+01,  406.574930506 ;
 8.55191E+01,  407.575251562 ;
 8.55305E+01,  408.575548940 ;
 8.55419E+01,  409.575917381 ;
 8.55530E+01,  410.576241538 ;
 8.55641E+01,  411.576557901 ;
 8.55751E+01,  412.576867742 ;
 8.55860E+01,  413.577252311 ;
 8.55967E+01,  414.577529617 ;
 8.56074E+01,  415.577876721 ;
 8.56180E+01,  416.578175271 ;
 8.56284E+01,  417.578499993 ;
 8.56387E+01,  418.578834132 ;
 8.56490E+01,  419.579143550 ;
 8.56591E+01,  420.579413306 ;
 8.56691E+01,  421.579740772 ;
 8.56790E+01,  422.580100667 ;
 8.56889E+01,  423.580381767 ;
 8.56986E+01,  424.580695800 ;
 8.57083E+01,  425.581089737 ;
 8.57178E+01,  426.581448997 ;
 8.57272E+01,  427.581683836 ;
 8.57366E+01,  428.581903944 ;
 8.57458E+01,  429.582281029 ;
 8.57550E+01,  430.582838082 ;
 8.57641E+01,  431.583285243 ;
 8.57731E+01,  432.583707839 ;
 8.57820E+01,  433.584094853 ;
 8.57908E+01,  434.584442472 ;
 8.57995E+01,  435.584926580 ;
 8.58081E+01,  436.585310833 ;
 8.58167E+01,  437.585664601 ;
 8.58251E+01,  438.586011243 ;
 8.58335E+01,  439.586343146 ;
 8.58418E+01,  440.586923138 ;
 8.58500E+01,  441.587298292 ;
 8.58582E+01,  442.587636789 ;
 8.58662E+01,  443.587955036 ;
 8.58742E+01,  444.588280935 ;
 8.58821E+01,  445.588616904 ;
 8.58899E+01,  446.588948978 ;
 8.58976E+01,  447.589256350 ;
 8.59053E+01,  448.589650179 ;
 8.59128E+01,  449.589946612 ;
 8.59203E+01,  450.590275714 ;
 8.59278E+01,  451.590574359 ;
 8.59351E+01,  452.590909283 ;
 8.59424E+01,  453.591260462 ;
 8.59496E+01,  454.591511671 ;
 8.59568E+01,  455.591770713 ;
 8.59638E+01,  456.592147381 ;
 8.59708E+01,  457.592471571 ;
 8.59778E+01,  458.592782353 ;
 8.59846E+01,  459.593071203 ;
 8.59914E+01,  460.593507941 ;
 8.59981E+01,  461.593887864 ;
 8.60048E+01,  462.594193536 ;
 8.60114E+01,  463.594498062 ;
 8.60179E+01,  464.594985041 ;
 8.60243E+01,  465.595348514 ;
 8.60307E+01,  466.595786669 ;
 8.60371E+01,  467.596129815 ;
 8.60433E+01,  468.596627296 ;
 8.60495E+01,  469.597160383 ;
 8.60557E+01,  470.597442519 ;
 8.60618E+01,  471.597765310 ;
 8.60678E+01,  472.598159652 ;
 8.60738E+01,  473.598477479 ;
 8.60797E+01,  474.598766292 ;
 8.60855E+01,  475.599293494 ;
 8.60913E+01,  476.599797349 ;
 8.60970E+01,  477.600217838 ;
 8.61032E+01,  478.600474995 ;
 8.61088E+01,  479.600724340 ;
 8.61144E+01,  480.601144310 ;
 8.61199E+01,  481.601460949 ;
 8.61253E+01,  482.601737299 ;
 8.61307E+01,  483.602070673 ;
 8.61361E+01,  484.602359296 ;
 8.61413E+01,  485.602689680 ;
 8.61466E+01,  486.602980557 ;
 8.61518E+01,  487.603313875 ;
 8.61569E+01,  488.603806221 ;
 8.61620E+01,  489.604161625 ;
 8.61670E+01,  490.604587130 ;
 8.61720E+01,  491.604886214 ;
 8.61769E+01,  492.605145228 ;
 8.61818E+01,  493.605502717 ;
 8.61866E+01,  494.605795293 ;
 8.61914E+01,  495.606134837 ;
 8.61961E+01,  496.606632216 ;
 8.62008E+01,  497.606978932 ;
 8.62054E+01,  498.607295598 ;
 8.62100E+01,  499.607765228 ;
 8.62145E+01,  500.608057203 ;
 8.62190E+01,  501.608373497 ;
 8.62235E+01,  502.608752027 ;
 8.62279E+01,  503.609217891 ;
 8.62323E+01,  504.609531889 ;
 8.62366E+01,  505.609859901 ;
 8.62409E+01,  506.610260965 ;
 8.62451E+01,  507.610622815 ;
 8.62493E+01,  508.610914983 ;
 8.62535E+01,  509.611295414 ;
 8.62576E+01,  510.611700084 ;
 8.62617E+01,  511.612001450 ;
 8.62657E+01,  512.612362804 ;
 8.62697E+01,  513.612678643 ;
 8.62737E+01,  514.612974049 ;
 8.62775E+01,  515.613650488 ;
 8.62814E+01,  516.613933993 ;
 8.62853E+01,  517.614230682 ;
 8.62891E+01,  518.614554321 ;
 8.62928E+01,  519.614832368 ;
 8.62965E+01,  520.615122301 ;
 8.63002E+01,  521.615400733 ;
 8.63039E+01,  522.615647850 ;
 8.63075E+01,  523.615893973 ;
 8.63111E+01,  524.616415190 ;
 8.63146E+01,  525.616881917 ;
 8.63181E+01,  526.617175503 ;
 8.63216E+01,  527.617483922 ;
 8.63250E+01,  528.617884267 ;
 8.63284E+01,  529.618274794 ;
 8.63318E+01,  530.618756110 ;
 8.63351E+01,  531.619072211 ;
 8.63384E+01,  532.619354045 ;
 8.63417E+01,  533.619664243 ;
 8.63449E+01,  534.619984642 ;
 8.63481E+01,  535.620282459 ;
 8.63513E+01,  536.620588673 ;
 8.63544E+01,  537.620988683 ;
 8.63576E+01,  538.621402773 ;
 8.63606E+01,  539.621668567 ;
 8.63637E+01,  540.621938220 ;
 8.63667E+01,  541.622237095 ;
 8.63697E+01,  542.622544820 ;
 8.63726E+01,  543.623094399 ;
 8.63755E+01,  544.623410810 ;
 8.63784E+01,  545.623666568 ;
 8.63813E+01,  546.623973842 ;
 8.63842E+01,  547.624297100 ;
 8.63870E+01,  548.624631763 ;
 8.63898E+01,  549.625054429 ;
 8.63925E+01,  550.625326862 ;
 8.63953E+01,  551.625602796 ;
 8.63979E+01,  552.625922778 ;
 8.64006E+01,  553.626197847 ;
 8.64033E+01,  554.626538442 ;
 8.64059E+01,  555.626901080 ;
 8.64085E+01,  556.627212200 ;
 8.64111E+01,  557.627517908 ;
 8.64136E+01,  558.627856240 ;
 8.64161E+01,  559.628151491 ;
 8.64186E+01,  560.628530421 ;
 8.64211E+01,  561.629023099 ;
 8.64235E+01,  562.629402907 ;
 8.64260E+01,  563.629766617 ;
 8.64284E+01,  564.630057529 ;
 8.64307E+01,  565.630354823 ;
 8.64331E+01,  566.630619474 ;
 8.64354E+01,  567.631003744 ;
 8.64377E+01,  568.631273271 ;
 8.64400E+01,  569.631555562 ;
 8.64423E+01,  570.631932764 ;
 8.64445E+01,  571.632186309 ;
 8.64467E+01,  572.632499204 ;
 8.64489E+01,  573.632898601 ;
 8.64510E+01,  574.633167743 ;
 8.64532E+01,  575.633522466 ;
 8.64553E+01,  576.633877227 ;
 8.64574E+01,  577.634199536 ;
 8.64595E+01,  578.634575580 ;
 8.64616E+01,  579.634947827 ;
 8.64636E+01,  580.635354181 ;
 8.64656E+01,  581.635802535 ;
 8.64676E+01,  582.636222150 ;
 8.64696E+01,  583.636450291 ;
 8.64716E+01,  584.636723819 ;
 8.64735E+01,  585.637065284 ;
 8.64754E+01,  586.637411022 ;
 8.64773E+01,  587.637827002 ;
 8.64792E+01,  588.638202302 ;
 8.64811E+01,  589.638533390 ;
 8.64829E+01,  590.638841579 ;
 8.64848E+01,  591.639190045 ;
 8.64866E+01,  592.639527655 ;
 8.64884E+01,  593.639845032 ;
 8.64901E+01,  594.640156550 ;
 8.64919E+01,  595.640459040 ;
 8.64936E+01,  596.640767057 ;
 8.64954E+01,  597.641094186 ;
 8.64971E+01,  598.641361151 ;
 8.64987E+01,  599.641635536 ;
 8.65004E+01,  600.642133540 ;
 8.65021E+01,  601.642485547 ;
 8.65037E+01,  602.642814126 ;
 8.65053E+01,  603.643177456 ;
 8.65069E+01,  604.643557150 ;
 8.65085E+01,  605.643915033 ;
 8.65101E+01,  606.644221117 ;
 8.65117E+01,  607.644546968 ;
 8.65132E+01,  608.644821914 ;
 8.65147E+01,  609.645159007 ;
 8.65163E+01,  610.645485088 ;
 8.65178E+01,  611.645768738 ;
 8.65192E+01,  612.646075077 ;
 8.65207E+01,  613.646378853 ;
 8.65221E+01,  614.646669711 ;
 8.65236E+01,  615.646957816 ;
 8.65250E+01,  616.647268610 ;
 8.65264E+01,  617.647518067 ;
 8.65278E+01,  618.647874929 ;
 8.65292E+01,  619.648178206 ;
 8.65306E+01,  620.648454729 ;
 8.65319E+01,  621.648724385 ;
 8.65333E+01,  622.648955516 ;
 8.65346E+01,  623.649221426 ;
 8.65359E+01,  624.649536834 ;
 8.65372E+01,  625.649888472 ;
 8.65385E+01,  626.650221653 ;
 8.65398E+01,  627.650631981 ;
 8.65411E+01,  628.650974532 ;
 8.65423E+01,  629.651285636 ;
 8.65435E+01,  630.651579626 ;
 8.65447E+01,  631.651899354 ;
 8.65459E+01,  632.652155552 ;
 8.65472E+01,  633.652414667 ;
 8.65484E+01,  634.652846188 ;
 8.65495E+01,  635.653145783 ;
 8.65507E+01,  636.653461403 ;
 8.65518E+01,  637.653838242 ;
 8.65530E+01,  638.654163523 ;
 8.65541E+01,  639.654517040 ;
 8.65553E+01,  640.654805435 ;
 8.65564E+01,  641.655098685 ;
 8.65574E+01,  642.655432532 ;
 8.65585E+01,  643.655717755 ;
 8.65596E+01,  644.656291649 ;
 8.65607E+01,  645.656569417 ;
 8.65617E+01,  646.656844469 ;
 8.65628E+01,  647.657137875 ;
 8.65639E+01,  648.657446991 ;
 8.65648E+01,  649.657774284 ;
 8.65658E+01,  650.658060187 ;
 8.65668E+01,  651.658324805 ;
 8.65678E+01,  652.658689896 ;
 8.65688E+01,  653.659043163 ;
 8.65698E+01,  654.659364806 ;
 8.65708E+01,  655.659841144 ;
 8.65718E+01,  656.660200533 ;
 8.65727E+01,  657.660561011 ;
 8.65736E+01,  658.660869925 ;
 8.65745E+01,  659.661234392 ;
 8.65754E+01,  660.661531852 ;
 8.65763E+01,  661.661888929 ;
 8.65772E+01,  662.662196432 ;
 8.65782E+01,  663.662511232 ;
 8.65791E+01,  664.662964130 ;
 8.65799E+01,  665.663281051 ;
 8.65807E+01,  666.663630844 ;
 8.65816E+01,  667.663974922 ;
 8.65824E+01,  668.664363952 ;
 8.65833E+01,  669.664651406 ;
 8.65841E+01,  670.664911596 ;
 8.65849E+01,  671.665206731 ;
 8.65858E+01,  672.665506106 ;
 8.65866E+01,  673.666070495 ;
 8.65874E+01,  674.666385016 ;
 8.65882E+01,  675.666635242 ;
 8.65889E+01,  676.666984835 ;
 8.65897E+01,  677.667363651 ;
 8.65904E+01,  678.667689156 ;
 8.65912E+01,  679.667972774 ;
 8.65920E+01,  680.668340291 ;
 8.65927E+01,  681.668726383 ;
 8.65935E+01,  682.668998224 ;
 8.65943E+01,  683.669347895 ;
 8.65949E+01,  684.669618829 ;
 8.65956E+01,  685.669857093 ;
 8.65963E+01,  686.670170780 ;
 8.65970E+01,  687.670451736 ;
 8.65977E+01,  688.670725947 ;
 8.65984E+01,  689.671128592 ;
 8.65991E+01,  690.671375172 ;
 8.65997E+01,  691.671739937 ;
 8.66004E+01,  692.672044897 ;
 8.66011E+01,  693.672323461 ;
 8.66018E+01,  694.672663946 ;
 8.66024E+01,  695.672936574 ;
 8.66030E+01,  696.673321643 ;
 8.66036E+01,  697.673690430 ;
 8.66043E+01,  698.674083013 ;
 8.66049E+01,  699.674393901 ;
 8.66055E+01,  700.674691867 ;
 8.66061E+01,  701.675056670 ;
 8.66067E+01,  702.675373114 ;
 8.66073E+01,  703.675725071 ;
 8.66079E+01,  704.676101322 ;
 8.66085E+01,  705.676456673 ;
 8.66091E+01,  706.676734670 ;
 8.66097E+01,  707.676976355 ;
 8.66103E+01,  708.677332456 ;
 8.66108E+01,  709.677585202 ;
 8.66113E+01,  710.677897379 ;
 8.66119E+01,  711.678215761 ;
 8.66124E+01,  712.678553831 ;
 8.66129E+01,  713.678916098 ;
 8.66135E+01,  714.679248253 ;
 8.66140E+01,  715.679570038 ;
 8.66145E+01,  716.679879431 ;
 8.66151E+01,  717.680202089 ;
 8.66156E+01,  718.680597997 ;
 8.66161E+01,  719.680964378 ;
 8.66167E+01,  720.681282716 ;
 8.66172E+01,  721.681611670 ;
 8.66176E+01,  722.681897378 ;
 8.66181E+01,  723.682187636 ;
 8.66186E+01,  724.682504098 ;
 8.66190E+01,  725.682826733 ;
 8.66195E+01,  726.683284164 ;
 8.66199E+01,  727.683791001 ;
 8.66204E+01,  728.684132513 ;
 8.66208E+01,  729.684461642 ;
 8.66213E+01,  730.684803897 ;
 8.66218E+01,  731.685104470 ;
 8.66222E+01,  732.685479157 ;
 8.66227E+01,  733.685812680 ;
 8.66231E+01,  734.686247764 ;
 8.66236E+01,  735.686598596 ;
 8.66240E+01,  736.686995570 ;
 8.66245E+01,  737.689912014 ;
 8.66249E+01,  738.690227689 ;
 8.66253E+01,  739.690525413 ;
 8.66257E+01,  740.690831866 ;
 8.66261E+01,  741.691503387 ;
 8.66264E+01,  742.691829071 ;
 8.66268E+01,  743.692053419 ;
 8.66272E+01,  744.692324589 ;
 8.66276E+01,  745.692614567 ;
 8.66280E+01,  746.692940383 ;
 8.66284E+01,  747.694892992 ;
 8.66287E+01,  748.695194415 ;
 8.66291E+01,  749.695509634 ;
 8.66295E+01,  750.695787284 ;
 8.66299E+01,  751.696109578 ;
 8.66303E+01,  752.699122638 ;
 8.66306E+01,  753.699442163 ;
 8.66310E+01,  754.699709063 ;
 8.66314E+01,  755.700078724 ;
 8.66318E+01,  756.700460581 ;
 8.66322E+01,  757.701670963 ;
 8.66325E+01,  758.701977651 ;
 8.66329E+01,  759.702284296 ;
 8.66332E+01,  760.702681127 ;
 8.66335E+01,  761.703052932 ;
 8.66338E+01,  762.704213525 ;
 8.66341E+01,  763.704504352 ;
 8.66344E+01,  764.704854496 ;
 8.66347E+01,  765.705217444 ;
 8.66350E+01,  766.705646284 ;
 8.66353E+01,  767.707331726 ;
 8.66356E+01,  768.707656067 ;
 8.66359E+01,  769.707968255 ;
 8.66362E+01,  770.708334548 ;
 8.66365E+01,  771.708700042 ;
 8.66368E+01,  772.710303407 ;
 8.66371E+01,  773.710628921 ;
 8.66374E+01,  774.710929826 ;
 8.66377E+01,  775.711233283 ;
 8.66380E+01,  776.711534682 ;
 8.66383E+01,  777.715849172 ;
 8.66386E+01,  778.716265230 ;
 8.66390E+01,  779.716739834 ;
 8.66393E+01,  780.717057189 ;
 8.66396E+01,  781.717512095 ;
 8.66399E+01,  782.723273126 ;
 8.66401E+01,  783.723549554 ;
 8.66404E+01,  784.723870917 ;
 8.66406E+01,  785.724167432 ;
 8.66408E+01,  786.724607860 ;
 8.66410E+01,  787.728049029 ;
 8.66413E+01,  788.728331718 ;
 8.66415E+01,  789.728599850 ;
 8.66417E+01,  790.728952347 ;
 8.66420E+01,  791.729286939 ;
 8.66422E+01,  792.730972744 ;
 8.66424E+01,  793.731299340 ;
 8.66426E+01,  794.731535900 ;
 8.66429E+01,  795.731829724 ;
 8.66431E+01,  796.732188284 ;
 8.66433E+01,  797.732468542 ;
 8.66436E+01,  798.732742056 ;
 8.66438E+01,  799.733059452 ;
 8.66440E+01,  800.733391728 ;
 8.66442E+01,  801.733695851 ;
 8.66445E+01,  802.734887807 ;
 8.66447E+01,  803.735241562 ;
 8.66449E+01,  804.735673263 ;
 8.66452E+01,  805.735979606 ;
 8.66454E+01,  806.736336164 ;
 8.66456E+01,  807.739618157 ;
 8.66459E+01,  808.739963537 ;
 8.66461E+01,  809.740288190 ;
 8.66463E+01,  810.740606236 ;
 8.66465E+01,  811.740950339 ;
 8.66468E+01,  812.741197691 ;
 8.66470E+01,  813.741486112 ;
 8.66472E+01,  814.741777632 ;
 8.66475E+01,  815.742103934 ;
 8.66477E+01,  816.742364440 ;
 8.66478E+01,  817.742940446 ;
 8.66480E+01,  818.743245730 ;
 8.66481E+01,  819.743551330 ;
 8.66483E+01,  820.743828515 ;
 8.66484E+01,  821.744123106 ;
 8.66486E+01,  822.744442357 ;
 8.66487E+01,  823.744719428 ;
 8.66489E+01,  824.744997008 ;
 8.66490E+01,  825.745282651 ;
 8.66492E+01,  826.745661271 ;
 8.66493E+01,  827.746009747 ;
 8.66495E+01,  828.746328817 ;
 8.66496E+01,  829.746668292 ;
 8.66498E+01,  830.746969550 ;
 8.66499E+01,  831.747266114 ;
 8.66501E+01,  832.747565071 ;
 8.66503E+01,  833.747915083 ;
 8.66504E+01,  834.748323085 ;
 8.66506E+01,  835.748618438 ;
 8.66507E+01,  836.749135684 ;
 8.66509E+01,  837.749505846 ;
 8.66510E+01,  838.749815451 ;
 8.66512E+01,  839.750144265 ;
 8.66513E+01,  840.750439783 ;
 8.66515E+01,  841.750769847 ;
 8.66516E+01,  842.751148446 ;
 8.66518E+01,  843.751434083 ;
 8.66519E+01,  844.751714987 ;
 8.66521E+01,  845.751977102 ;
 8.66522E+01,  846.752334395 ;
 8.66524E+01,  847.752702463 ;
 8.66525E+01,  848.752937005 ;
 8.66527E+01,  849.753192915 ;
 8.66528E+01,  850.753458401 ;
 8.66530E+01,  851.753742287 ;
 8.66532E+01,  852.754052799 ;
 8.66533E+01,  853.754351326 ;
 8.66535E+01,  854.754619829 ;
 8.66536E+01,  855.754895129 ;
 8.66538E+01,  856.755198639 ;
 8.66539E+01,  857.755525988 ;
 8.66541E+01,  858.755809857 ;
 8.66542E+01,  859.756038270 ;
 8.66544E+01,  860.756364120 ;
 8.66545E+01,  861.756817793 ;
 8.66547E+01,  862.757158018 ;
 8.66548E+01,  863.757499327 ;
 8.66550E+01,  864.757774591 ;
 8.66551E+01,  865.758080610 ;
 8.66553E+01,  866.758563041 ;
 8.66553E+01,  867.758909362 ;
 8.66554E+01,  868.759344251 ;
 8.66555E+01,  869.759690333 ;
 8.66556E+01,  870.759970490 ;
 8.66556E+01,  871.760234117 ;
 8.66557E+01,  872.761080144 ;
 8.66558E+01,  873.761367100 ;
 8.66559E+01,  874.761683297 ;
 8.66559E+01,  875.762011867 ;
 8.66560E+01,  876.762323106 ;
 8.66561E+01,  877.762582261 ;
 8.66562E+01,  878.762923015 ;
 8.66563E+01,  879.763265715 ;
 8.66563E+01,  880.763524191 ;
 8.66564E+01,  881.763835933 ;
 8.66565E+01,  882.764077443 ;
 8.66566E+01,  883.764348889 ;
 8.66566E+01,  884.764570598 ;
 8.66567E+01,  885.764820613 ;
 8.66568E+01,  886.765144855 ;
 8.66569E+01,  887.765622919 ;
 8.66569E+01,  888.766019363 ;
 8.66570E+01,  889.766379852 ;
 8.66571E+01,  890.766656185 ;
 8.66572E+01,  891.767024176 ;
 8.66572E+01,  892.767386798 ;
 8.66573E+01,  893.767658013 ;
 8.66574E+01,  894.767969617 ;
 8.66575E+01,  895.768442713 ;
 8.66575E+01,  896.768940084 ;
 8.66576E+01,  897.769209830 ;
 8.66577E+01,  898.769454083 ;
 8.66578E+01,  899.769768152 ;
 8.66579E+01,  900.770120966 ;
 8.66579E+01,  901.770385501 ;
 8.66580E+01,  902.770672140 ;
 8.66581E+01,  903.771559516 ;
 8.66582E+01,  904.771850388 ;
 8.66582E+01,  905.772128974 ;
 8.66583E+01,  906.772456619 ;
 8.66584E+01,  907.774812908 ;
 8.66585E+01,  908.777597437 ;
 8.66585E+01,  909.777915172 ;
 8.66586E+01,  910.778188930 ;
 8.66587E+01,  911.778617977 ;
 8.66588E+01,  912.779001149 ;
 8.66588E+01,  913.783694669 ;
 8.66589E+01,  914.784032337 ;
 8.66590E+01,  915.784323304 ;
 8.66591E+01,  916.784776018 ;
 8.66591E+01,  917.785207528 ;
 8.66592E+01,  918.788494295 ;
 8.66593E+01,  919.788810854 ;
 8.66594E+01,  920.789126870 ;
 8.66595E+01,  921.789494285 ;
 8.66595E+01,  922.789920460 ;
 8.66596E+01,  923.792947236 ;
 8.66597E+01,  924.793341370 ;
 8.66598E+01,  925.793656828 ;
 8.66598E+01,  926.793951191 ;
 8.66599E+01,  927.794405604 ;
 8.66600E+01,  928.798232671 ;
 8.66601E+01,  929.798575791 ;
 8.66601E+01,  930.798973255 ;
 8.66602E+01,  931.799304370 ;
 8.66603E+01,  932.799678430 ;
 8.66604E+01,  933.805586125 ;
 8.66605E+01,  934.805861626 ;
 8.66605E+01,  935.806211016 ;
 8.66606E+01,  936.806513416 ;
 8.66607E+01,  937.806815708 ;
 8.66608E+01,  938.807556355 ;
 8.66608E+01,  939.807828859 ;
 8.66609E+01,  940.808090725 ;
 8.66610E+01,  941.808466488 ;
 8.66611E+01,  942.808780333 ;
 8.66611E+01,  943.809718231 ;
 8.66612E+01,  944.809978562 ;
 8.66613E+01,  945.810390510 ;
 8.66614E+01,  946.810702049 ;
 8.66614E+01,  947.811107605 ;
 8.66615E+01,  948.811376123 ;
 8.66616E+01,  949.811622761 ;
 8.66617E+01,  950.811886503 ;
 8.66618E+01,  951.812192149 ;
 8.66618E+01,  952.812577120 ;
 8.66619E+01,  953.815404775 ;
 8.66620E+01,  954.815679370 ;
 8.66621E+01,  955.815988410 ;
 8.66621E+01,  956.816385459 ;
 8.66622E+01,  957.816690888 ;
 8.66623E+01,  958.819599639 ;
 8.66624E+01,  959.819959079 ;
 8.66624E+01,  960.820224613 ;
 8.66625E+01,  961.820578692 ;
 8.66626E+01,  962.820942888 ;
 8.66627E+01,  963.823928533 ;
 8.66627E+01,  964.824276991 ;
 8.66628E+01,  965.824613547 ;
 8.66629E+01,  966.824940166 ;
 8.66629E+01,  967.825237891 ;
