Introduce la temperatura de referencia: 
Kp:  9.22722E-01
Ti;  3.00000E+00
Td:  7.50000E-01
 2.00000E+01, 0.000069530
 2.00000E+01, 0.301995900
 2.00000E+01, 0.604406500
 2.00000E+01, 0.906605990
 2.00000E+01, 1.208257740
 2.00177E+01, 1.510172190
 2.00589E+01, 1.812252960
 2.00770E+01, 2.114528490
 2.00959E+01, 2.416860040
 2.01163E+01, 2.718660370
 2.01380E+01, 3.020479840
 2.01612E+01, 3.322256420
 2.01858E+01, 3.624104850
 2.02117E+01, 3.926151650
 2.02391E+01, 4.227939360
 2.02678E+01, 4.529512700
 2.02980E+01, 4.831240900
 2.03295E+01, 5.132780480
 2.03623E+01, 5.434644040
 2.03966E+01, 5.736899030
 2.04322E+01, 6.038575930
 2.04691E+01, 6.340342290
 2.05075E+01, 6.642469560
 2.05471E+01, 6.944505930
 2.05881E+01, 7.246287940
 2.06305E+01, 7.548190160
 2.06741E+01, 7.850218780
 2.07191E+01, 8.152797040
 2.07655E+01, 8.455140420
 2.08131E+01, 8.757301130
 2.08621E+01, 9.059301940
 2.09123E+01, 9.362098760
 2.09639E+01, 9.664101350
 2.10167E+01, 9.966123190
 2.10709E+01, 10.268099410
 2.11264E+01, 10.570254320
 2.11831E+01, 10.872159650
 2.12411E+01, 11.174136020
 2.13004E+01, 11.476484000
 2.13609E+01, 11.778706230
 2.14227E+01, 12.081652950
 2.14858E+01, 12.383979380
 2.15501E+01, 12.686364740
 2.16157E+01, 12.989017190
 2.16825E+01, 13.291162680
 2.17506E+01, 13.593206170
 2.18198E+01, 13.895404370
 2.18904E+01, 14.197569190
 2.19621E+01, 14.499686530
 2.20350E+01, 14.801719260
 2.21092E+01, 15.104286200
 2.21846E+01, 15.406948970
 2.22871E+01, 15.709054800
 2.23653E+01, 16.011032860
 2.24446E+01, 16.313203010
 2.25252E+01, 16.614997320
 2.26064E+01, 16.917132300
 2.26888E+01, 17.218855080
 2.27724E+01, 17.520577370
 2.28572E+01, 17.822576570
 2.29431E+01, 18.124450850
 2.30302E+01, 18.427223930
 2.31184E+01, 18.729216730
 2.32078E+01, 19.031204530
 2.32983E+01, 19.333298020
 2.33899E+01, 19.635303040
 2.34827E+01, 19.936826750
 2.35766E+01, 20.238456750
 2.36716E+01, 20.540199730
 2.37677E+01, 20.842004510
 2.38650E+01, 21.144208720
 2.39633E+01, 21.447481510
 2.40628E+01, 21.750321970
 2.41633E+01, 22.052699700
 2.42649E+01, 22.356382080
 2.43676E+01, 22.658594040
 2.44714E+01, 22.960810170
 2.45763E+01, 23.262883620
 2.46822E+01, 23.564831640
 2.47892E+01, 23.866964100
 2.48972E+01, 24.168895800
 2.50063E+01, 24.471098890
 2.51164E+01, 24.773096090
 2.52276E+01, 25.075088340
 2.53398E+01, 25.376880410
 2.54531E+01, 25.678812640
 2.55673E+01, 25.981900580
 2.56826E+01, 26.283845580
 2.57989E+01, 26.586086960
 2.59162E+01, 26.888002900
 2.60345E+01, 27.190202100
 2.61539E+01, 27.492394370
 2.62742E+01, 27.794535460
 2.63955E+01, 28.098228290
 2.65177E+01, 28.400348450
 2.66410E+01, 28.702465330
 2.67652E+01, 29.004576460
 2.69325E+01, 29.306535030
 2.70590E+01, 29.608450390
 2.71864E+01, 29.910414330
 2.73148E+01, 30.212308940
 2.74441E+01, 30.514240720
 2.75739E+01, 30.816244300
 2.77046E+01, 31.118150630
 2.78363E+01, 31.420656610
 2.79689E+01, 31.722695940
 2.81024E+01, 32.024498280
 2.82368E+01, 32.326749560
 2.83722E+01, 32.628576450
 2.85084E+01, 32.930360150
 2.86455E+01, 33.232082030
 2.87836E+01, 33.534223710
 2.89225E+01, 33.836523000
 2.90623E+01, 34.138464600
 2.92030E+01, 34.440600380
 2.93445E+01, 34.743149330
 2.94869E+01, 35.044923520
 2.96302E+01, 35.347414260
 2.97743E+01, 35.649643920
 2.99193E+01, 35.951634110
 3.00651E+01, 36.254248300
 3.02118E+01, 36.556154730
 3.03592E+01, 36.858749070
 3.05076E+01, 37.161018490
 3.06567E+01, 37.463276900
 3.08067E+01, 37.765311380
 3.09574E+01, 38.067659560
 3.11090E+01, 38.369657460
 3.12614E+01, 38.671806260
 3.14146E+01, 38.974043720
 3.15686E+01, 39.276144230
 3.17233E+01, 39.578164780
 3.18788E+01, 39.880236330
 3.20352E+01, 40.182175220
 3.21922E+01, 40.484363000
 3.23501E+01, 40.786424020
 3.25087E+01, 41.089044420
 3.26681E+01, 41.391174780
 3.28282E+01, 41.693126710
 3.29890E+01, 41.995140040
 3.31506E+01, 42.298297770
 3.33130E+01, 42.600305890
 3.34760E+01, 42.902197000
 3.36398E+01, 43.204070270
 3.38043E+01, 43.506099340
 3.40249E+01, 43.807998850
 3.41910E+01, 44.110795190
 3.43579E+01, 44.412562060
 3.45254E+01, 44.714178150
 3.46932E+01, 45.016048410
 3.48618E+01, 45.318221350
 3.50309E+01, 45.620477100
 3.52008E+01, 45.922132860
 3.53714E+01, 46.223654000
 3.55426E+01, 46.525449580
 3.57144E+01, 46.827562350
 3.58869E+01, 47.129364900
 3.60601E+01, 47.431337450
 3.62339E+01, 47.733275050
 3.64084E+01, 48.035066150
 3.65835E+01, 48.337147930
 3.67592E+01, 48.639085210
 3.69355E+01, 48.940869420
 3.71125E+01, 49.242595710
 3.72901E+01, 49.544372900
 3.74682E+01, 49.846447050
 3.76470E+01, 50.148651650
 3.78264E+01, 50.450766430
 3.80064E+01, 50.754319150
 3.81869E+01, 51.056349220
 3.83680E+01, 51.358336710
 3.85498E+01, 51.660332520
 3.87320E+01, 51.962465380
 3.89149E+01, 52.264872970
 3.90983E+01, 52.566913660
 3.92823E+01, 52.869049530
 3.94668E+01, 53.171159650
 3.96519E+01, 53.473199240
 3.98375E+01, 53.775162990
 4.00236E+01, 54.079006610
 4.02103E+01, 54.381060430
 4.03975E+01, 54.683254110
 4.05852E+01, 54.985480360
 4.07735E+01, 55.288025710
 4.09622E+01, 55.590598520
 4.11515E+01, 55.892649730
 4.13412E+01, 56.194601860
 4.15315E+01, 56.497711180
 4.17222E+01, 56.799982720
 4.19134E+01, 57.101986840
 4.21051E+01, 57.405740740
 4.23616E+01, 57.707691100
 4.25544E+01, 58.009698630
 4.27477E+01, 58.311843010
 4.29414E+01, 58.613810770
 4.31356E+01, 58.915665400
 4.33299E+01, 59.217367750
 4.35246E+01, 59.519049850
 4.37197E+01, 59.821033340
 4.39153E+01, 60.122777260
 4.41113E+01, 60.424496440
 4.43078E+01, 60.726430120
 4.45047E+01, 61.028179060
 4.47019E+01, 61.330123960
 4.48996E+01, 61.631972380
 4.50977E+01, 61.934510520
 4.52962E+01, 62.236623040
 4.54951E+01, 62.538335410
 4.56944E+01, 62.840224110
 4.58941E+01, 63.142031960
 4.60941E+01, 63.444118830
 4.62946E+01, 63.746887170
 4.64954E+01, 64.048750970
 4.66965E+01, 64.350753690
 4.68981E+01, 64.652734760
 4.71000E+01, 64.954847880
 4.73022E+01, 65.256879760
 4.75048E+01, 65.558665170
 4.77077E+01, 65.860803240
 4.79110E+01, 66.162378930
 4.81146E+01, 66.464165590
 4.83185E+01, 66.766502590
 4.85227E+01, 67.069110570
 4.87273E+01, 67.371328190
 4.89322E+01, 67.673084840
 4.91373E+01, 67.976053700
 4.93428E+01, 68.278026860
 4.95486E+01, 68.580091810
 4.97547E+01, 68.882109060
 4.99611E+01, 69.184316860
 5.01677E+01, 69.486468470
 5.03747E+01, 69.788753120
 5.05819E+01, 70.090852430
 5.07894E+01, 70.392716880
 5.09971E+01, 70.694786220
 5.12051E+01, 70.997072780
 5.14134E+01, 71.299270380
 5.16219E+01, 71.601832650
 5.18307E+01, 71.905317110
 5.21095E+01, 72.207410090
 5.23189E+01, 72.509150700
 5.25284E+01, 72.811125770
 5.27382E+01, 73.113355620
 5.29482E+01, 73.415703350
 5.31582E+01, 73.717737770
 5.33683E+01, 74.019692000
 5.35786E+01, 74.321566870
 5.37892E+01, 74.623333550
 5.40000E+01, 74.925102920
 5.42110E+01, 75.227053330
 5.44221E+01, 75.528967770
 5.46335E+01, 75.830952970
 5.48450E+01, 76.132749590
 5.50567E+01, 76.434963010
 5.52686E+01, 76.738696520
 5.54806E+01, 77.040573300
 5.56929E+01, 77.342441060
 5.59052E+01, 77.644418830
 5.61178E+01, 77.947560720
 5.63305E+01, 78.249332100
 5.65433E+01, 78.550996770
 5.67563E+01, 78.853031750
 5.69694E+01, 79.155139370
 5.71827E+01, 79.457388160
 5.73961E+01, 79.759878990
 5.76096E+01, 80.061780690
 5.78232E+01, 80.363736800
 5.80370E+01, 80.665616760
 5.82508E+01, 80.967760440
 5.84648E+01, 81.270575380
 5.86789E+01, 81.572628180
 5.88931E+01, 81.874532280
 5.91074E+01, 82.176976020
 5.93217E+01, 82.479742330
 5.95362E+01, 82.781859800
 5.97507E+01, 83.084914300
 5.99654E+01, 83.387206340
 6.01800E+01, 83.689406930
 6.03948E+01, 83.991555210
 6.06096E+01, 84.293816200
 6.08245E+01, 84.596871310
 6.10395E+01, 84.899322460
 6.12545E+01, 85.201651880
 6.14696E+01, 85.504116560
 6.16847E+01, 85.806283270
 6.19716E+01, 86.108097310
 6.21868E+01, 86.410383550
 6.24020E+01, 86.713532530
 6.26173E+01, 87.015158960
 6.28324E+01, 87.316823170
 6.30474E+01, 87.618725970
 6.32625E+01, 87.920985560
 6.34776E+01, 88.222896490
 6.36927E+01, 88.524741080
 6.39078E+01, 88.827477340
 6.41229E+01, 89.129877540
 6.43380E+01, 89.432180100
 6.45531E+01, 89.734400610
 6.47682E+01, 90.036415140
 6.49833E+01, 90.338509310
 6.51983E+01, 90.640304710
 6.54134E+01, 90.942552380
 6.56284E+01, 91.244442760
 6.58434E+01, 91.546243380
 6.60583E+01, 91.848347970
 6.62732E+01, 92.150571590
 6.64881E+01, 92.452721370
 6.67029E+01, 92.755215700
 6.69176E+01, 93.057216200
 6.71324E+01, 93.359196550
 6.73470E+01, 93.661322280
 6.75616E+01, 93.963343010
 6.77761E+01, 94.265619730
 6.79906E+01, 94.568771120
 6.82050E+01, 94.870941240
 6.84193E+01, 95.172896150
 6.86335E+01, 95.474835720
 6.88477E+01, 95.777066550
 6.90617E+01, 96.079449180
 6.92757E+01, 96.381672390
 6.94896E+01, 96.683863050
 6.97034E+01, 96.986624850
 6.99170E+01, 97.288438930
 7.01306E+01, 97.590239250
 7.03441E+01, 97.892215790
 7.05574E+01, 98.193814610
 7.07706E+01, 98.495782650
 7.09838E+01, 98.798027010
 7.11967E+01, 99.100505220
 7.14096E+01, 99.402837930
 7.16223E+01, 99.704987910
 7.19058E+01, 100.007335770
 7.21182E+01, 100.309262020
 7.23305E+01, 100.611204610
 7.25426E+01, 100.913188070
 7.27546E+01, 101.214992990
 7.29663E+01, 101.516824060
 7.31777E+01, 101.819011620
 7.33891E+01, 102.121012710
 7.36002E+01, 102.422930950
 7.38112E+01, 102.724952990
 7.40221E+01, 103.026784150
 7.42326E+01, 103.328662200
 7.44431E+01, 103.630594970
 7.46534E+01, 103.932336470
 7.48635E+01, 104.234270690
 7.50735E+01, 104.561251680
 7.52832E+01, 104.863676890
 7.54928E+01, 105.165792400
 7.57021E+01, 105.468087460
 7.59113E+01, 105.770222300
 7.61203E+01, 106.073234220
 7.63291E+01, 106.375651620
 7.65376E+01, 106.677963210
 7.67459E+01, 106.980247140
 7.69541E+01, 107.281840160
 7.71620E+01, 107.584130160
 7.73697E+01, 107.886242610
 7.75771E+01, 108.188273160
 7.77844E+01, 108.490497440
 7.79914E+01, 108.792732630
 7.81981E+01, 109.095149870
 7.84047E+01, 109.397493620
 7.86110E+01, 109.699284950
 7.88170E+01, 110.001294560
 7.90228E+01, 110.303415840
 7.92284E+01, 110.605698720
 7.95021E+01, 110.907626070
 7.97071E+01, 111.209473980
 7.99118E+01, 111.511313460
 8.01162E+01, 111.813989850
 8.03202E+01, 112.115982830
 8.05240E+01, 112.417845460
 8.07275E+01, 112.719749470
 8.09308E+01, 113.021440170
 8.11337E+01, 113.323249490
 8.13364E+01, 113.625085870
 8.15388E+01, 113.927047390
 8.17409E+01, 114.229449750
 8.19427E+01, 114.531255070
 8.21443E+01, 114.833343830
 8.23455E+01, 115.135138740
 8.25464E+01, 115.437358050
 8.27471E+01, 115.739679050
 8.29474E+01, 116.041493180
 8.31475E+01, 116.343470940
 8.33472E+01, 116.646572940
 8.35466E+01, 116.948360320
 8.37457E+01, 117.250418020
 8.39445E+01, 117.552123150
 8.41430E+01, 117.854222240
 8.43412E+01, 118.156268170
 8.45390E+01, 118.458635470
 8.47365E+01, 118.760725970
 8.49337E+01, 119.063184600
 8.51305E+01, 119.365021030
 8.53270E+01, 119.666897930
 8.55232E+01, 119.969021810
 8.57190E+01, 120.270844360
 8.59145E+01, 120.572760700
 8.61097E+01, 120.874601590
 8.63045E+01, 121.176552740
 8.64989E+01, 121.479052230
 8.66930E+01, 121.780976280
 8.68868E+01, 122.084707580
 8.70802E+01, 122.386792130
 8.72732E+01, 122.688983490
 8.74659E+01, 122.991780900
 8.76582E+01, 123.293865360
 8.78501E+01, 123.596069940
 8.80417E+01, 123.898304170
 8.82329E+01, 124.200946240
 8.84237E+01, 124.503420480
 8.86141E+01, 124.805807220
 8.88675E+01, 125.107781620
 8.90571E+01, 125.409975420
 8.92462E+01, 125.711752890
 8.94350E+01, 126.013620230
 8.96234E+01, 126.315358920
 8.98113E+01, 126.617217240
 8.99989E+01, 126.918934900
 9.01860E+01, 127.220939890
 9.03728E+01, 127.522582200
 9.05591E+01, 127.824368740
 9.07451E+01, 128.126079080
 9.09306E+01, 128.428834570
 9.11158E+01, 128.730881140
 9.13005E+01, 129.032664220
 9.14848E+01, 129.334329680
 9.16687E+01, 129.635915780
 9.18522E+01, 129.938144810
 9.20353E+01, 130.240151170
 9.22180E+01, 130.542376600
 9.24002E+01, 130.845063740
 9.25820E+01, 131.147049260
 9.27634E+01, 131.449560080
 9.29444E+01, 131.752248940
 9.31249E+01, 132.054128850
 9.33050E+01, 132.356713860
 9.34847E+01, 132.659175940
 9.36640E+01, 132.961006810
 9.38428E+01, 133.263315690
 9.40211E+01, 133.565387320
 9.41991E+01, 133.867453840
 9.43765E+01, 134.169848680
 9.45536E+01, 134.471469750
 9.47302E+01, 134.774382880
 9.49063E+01, 135.076649940
 9.50820E+01, 135.378539870
 9.52572E+01, 135.680621920
 9.54320E+01, 135.982395980
 9.56063E+01, 136.284109840
 9.57802E+01, 136.587417890
 9.59536E+01, 136.889506890
 9.61266E+01, 137.191533730
 9.62990E+01, 137.493499960
 9.64711E+01, 137.795331030
 9.66426E+01, 138.097148370
 9.68137E+01, 138.401097390
 9.69843E+01, 138.702997990
 9.71545E+01, 139.004890070
 9.73806E+01, 139.306629970
 9.75496E+01, 139.608227600
 9.77182E+01, 139.909809690
 9.78863E+01, 140.211796220
 9.80539E+01, 140.513655890
 9.82210E+01, 140.815696320
 9.83876E+01, 141.117627910
 9.85537E+01, 141.419865760
 9.87194E+01, 141.721726440
 9.88845E+01, 142.023401460
 9.90492E+01, 142.325432120
 9.92134E+01, 142.627310030
 9.93771E+01, 142.929656890
 9.95402E+01, 143.231525330
 9.97029E+01, 143.533404090
 9.98651E+01, 143.835811070
 1.00027E+02, 144.137567240
 1.00188E+02, 144.440047610
 1.00349E+02, 144.742759810
 1.00509E+02, 145.044475850
 1.00669E+02, 145.346388890
 1.00828E+02, 145.648241450
 1.00986E+02, 145.949944820
 1.01145E+02, 146.252124950
 1.01302E+02, 146.554886150
 1.01459E+02, 146.857165410
 1.01616E+02, 147.159600330
 1.01772E+02, 147.461706120
 1.01928E+02, 147.763952040
 1.02083E+02, 148.066465960
 1.02237E+02, 148.368168890
 1.02392E+02, 148.669989630
 1.02545E+02, 148.971894750
 1.02698E+02, 149.274139010
 1.02851E+02, 149.576468230
 1.03003E+02, 149.878502080
 1.03154E+02, 150.180412710
 1.03305E+02, 150.482382400
 1.03455E+02, 150.784596000
 1.03605E+02, 151.086424800
 1.03754E+02, 151.388378100
 1.03903E+02, 151.690503630
 1.04052E+02, 151.992381290
 1.04199E+02, 152.294072900
 1.04346E+02, 152.596101250
 1.04493E+02, 152.898225980
 1.04639E+02, 153.200244410
 1.04785E+02, 153.502060350
 1.04930E+02, 153.804036950
 1.05074E+02, 154.106430650
 1.05266E+02, 154.409046870
 1.05410E+02, 154.711445260
 1.05552E+02, 155.013137760
 1.05694E+02, 155.314827260
 1.05836E+02, 155.616590510
 1.05977E+02, 155.918530600
 1.06118E+02, 156.220536050
 1.06258E+02, 156.522245890
 1.06397E+02, 156.824226640
 1.06536E+02, 157.126025350
 1.06674E+02, 157.427877360
 1.06812E+02, 157.729686240
 1.06950E+02, 158.031699710
 1.07086E+02, 158.333532890
 1.07222E+02, 158.635224430
 1.07358E+02, 158.937940590
 1.07493E+02, 159.240101150
 1.07628E+02, 159.542190610
 1.07762E+02, 159.844184450
 1.07895E+02, 160.146460600
 1.08028E+02, 160.448546780
 1.08160E+02, 160.751363020
 1.08292E+02, 161.053202730
 1.08423E+02, 161.355819670
 1.08553E+02, 161.657893690
 1.08683E+02, 161.960366650
 1.08813E+02, 162.262370390
 1.08942E+02, 162.564234400
 1.09070E+02, 162.866380740
 1.09198E+02, 163.168346600
 1.09325E+02, 163.470326440
 1.09452E+02, 163.772292990
 1.09578E+02, 164.074756540
 1.09703E+02, 164.376944910
 1.09828E+02, 164.679124240
 1.09953E+02, 164.981329900
 1.10077E+02, 165.283371490
 1.10200E+02, 165.585559230
 1.10322E+02, 165.887727820
 1.10445E+02, 166.189771710
 1.10566E+02, 166.491970520
 1.10687E+02, 166.794374700
 1.10807E+02, 167.096779750
 1.10927E+02, 167.399140600
 1.11047E+02, 167.701659610
 1.11165E+02, 168.003833660
 1.11283E+02, 168.305771360
 1.11440E+02, 168.607641380
 1.11557E+02, 168.909307570
 1.11673E+02, 169.211056010
 1.11788E+02, 169.512995470
 1.11904E+02, 169.815271510
 1.12018E+02, 170.117122950
 1.12132E+02, 170.420587260
 1.12245E+02, 170.723368870
 1.12358E+02, 171.025715950
 1.12470E+02, 171.328798940
 1.12582E+02, 171.630763090
 1.12693E+02, 171.932765520
 1.12804E+02, 172.234926150
 1.12914E+02, 172.537124550
 1.13023E+02, 172.839238940
 1.13132E+02, 173.140890040
 1.13240E+02, 173.442715830
 1.13348E+02, 173.744762430
 1.13455E+02, 174.046444140
 1.13561E+02, 174.348232560
 1.13667E+02, 174.650601040
 1.13772E+02, 174.952396520
 1.13877E+02, 175.254016320
 1.13981E+02, 175.556292210
 1.14085E+02, 175.858729720
 1.14188E+02, 176.160704390
 1.14290E+02, 176.462870020
 1.14392E+02, 176.766285950
 1.14493E+02, 177.068332760
 1.14594E+02, 177.370420850
 1.14694E+02, 177.672799090
 1.14793E+02, 177.974947090
 1.14892E+02, 178.277439200
 1.14991E+02, 178.579744050
 1.15088E+02, 178.882624350
 1.15186E+02, 179.184803720
 1.15282E+02, 179.487111930
 1.15378E+02, 179.789242990
 1.15474E+02, 180.095640700
 1.15568E+02, 180.397500960
 1.15663E+02, 180.699664290
 1.15756E+02, 181.001720510
 1.15850E+02, 181.303653510
 1.15942E+02, 181.605912420
 1.16065E+02, 181.907891400
 1.16156E+02, 182.209996010
 1.16246E+02, 182.512023680
 1.16336E+02, 182.813863210
 1.16426E+02, 183.115641210
 1.16515E+02, 183.417744820
 1.16603E+02, 183.719596460
 1.16691E+02, 184.022013670
 1.16778E+02, 184.324063650
 1.16865E+02, 184.626301750
 1.16951E+02, 184.928039770
 1.17036E+02, 185.230371230
 1.17121E+02, 185.532283430
 1.17206E+02, 185.834245730
 1.17290E+02, 186.135983450
 1.17373E+02, 186.437996990
 1.17455E+02, 186.740460490
 1.17537E+02, 187.042487170
 1.17619E+02, 187.344395810
 1.17700E+02, 187.646105780
 1.17780E+02, 187.947908520
 1.17860E+02, 188.249760460
 1.17939E+02, 188.552321550
 1.18017E+02, 188.854427770
 1.18095E+02, 189.156635790
 1.18173E+02, 189.458605150
 1.18250E+02, 189.760839320
 1.18326E+02, 190.062794710
 1.18402E+02, 190.364694990
 1.18477E+02, 190.666787280
 1.18551E+02, 190.968611160
 1.18625E+02, 191.270537290
 1.18699E+02, 191.572558110
 1.18771E+02, 191.875411210
 1.18844E+02, 192.177513760
 1.18915E+02, 192.479589480
 1.18986E+02, 192.781722760
 1.19057E+02, 193.083852120
 1.19127E+02, 193.386111480
 1.19196E+02, 193.688296750
 1.19265E+02, 193.990613380
 1.19334E+02, 194.292707980
 1.19401E+02, 194.594866460
 1.19468E+02, 194.897322890
 1.19535E+02, 195.199711910
 1.19601E+02, 195.501851140
 1.19666E+02, 195.804248870
 1.19753E+02, 196.106539190
 1.19817E+02, 196.408728940
 1.19880E+02, 196.710716930
 1.19943E+02, 197.012543220
 1.20006E+02, 197.314819610
 1.20068E+02, 197.616737130
 1.20129E+02, 197.918517730
 1.20190E+02, 198.220472610
 1.20251E+02, 198.522443020
 1.20310E+02, 198.824655960
 1.20369E+02, 199.126493410
 1.20428E+02, 199.428396150
 1.20486E+02, 199.730233810
 1.20544E+02, 200.031985400
 1.20601E+02, 200.334065370
 1.20657E+02, 200.635812610
 1.20713E+02, 200.937488200
 1.20768E+02, 201.239042380
 1.20823E+02, 201.540824290
 1.20877E+02, 201.843206990
 1.20931E+02, 202.145743540
 1.20984E+02, 202.447841190
 1.21036E+02, 202.751638030
 1.21088E+02, 203.053860520
 1.21140E+02, 203.355986190
 1.21191E+02, 203.658384220
 1.21241E+02, 203.960397260
 1.21291E+02, 204.262323600
 1.21340E+02, 204.564478660
 1.21389E+02, 204.887131530
 1.21437E+02, 205.189329880
 1.21485E+02, 205.491749400
 1.21532E+02, 205.793835390
 1.21578E+02, 206.095998470
 1.21624E+02, 206.399050740
 1.21670E+02, 206.701275950
 1.21714E+02, 207.003317990
 1.21759E+02, 207.305651370
 1.21817E+02, 207.607515220
 1.21860E+02, 207.909371710
 1.21903E+02, 208.211368830
 1.21945E+02, 208.513551690
 1.21986E+02, 208.815665830
 1.22027E+02, 209.117600420
 1.22068E+02, 209.419307720
 1.22108E+02, 209.721125910
 1.22148E+02, 210.022647910
 1.22187E+02, 210.324330730
 1.22225E+02, 210.625844120
 1.22263E+02, 210.927423530
 1.22300E+02, 211.229031310
 1.22337E+02, 211.530581770
 1.22373E+02, 211.832578540
 1.22409E+02, 212.134584180
 1.22445E+02, 212.436738490
 1.22479E+02, 212.739183500
 1.22514E+02, 213.041003480
 1.22547E+02, 213.342740050
 1.22581E+02, 213.644584980
 1.22613E+02, 213.946377040
 1.22645E+02, 214.248233090
 1.22677E+02, 214.550387670
 1.22708E+02, 214.852362240
 1.22739E+02, 215.154367160
 1.22769E+02, 215.456591800
 1.22798E+02, 215.759827820
 1.22828E+02, 216.062162700
 1.22856E+02, 216.364065330
 1.22884E+02, 216.666084680
 1.22912E+02, 216.968001750
 1.22939E+02, 217.269728350
 1.22965E+02, 217.571593810
 1.22991E+02, 217.875155160
 1.23017E+02, 218.177333060
 1.23042E+02, 218.479582870
 1.23066E+02, 218.782971630
 1.23090E+02, 219.086099700
 1.23114E+02, 219.388268650
 1.23137E+02, 219.690447910
 1.23159E+02, 219.992458050
 1.23181E+02, 220.294295310
 1.23203E+02, 220.596101810
 1.23224E+02, 220.899050000
 1.23245E+02, 221.201438200
 1.23265E+02, 221.503633800
 1.23284E+02, 221.805534230
 1.23309E+02, 222.107418280
 1.23328E+02, 222.409288690
 1.23346E+02, 222.711107060
 1.23363E+02, 223.013045660
 1.23380E+02, 223.315547750
 1.23397E+02, 223.617561250
 1.23413E+02, 223.919606010
 1.23429E+02, 224.221515110
 1.23444E+02, 224.523320100
 1.23459E+02, 224.825286160
 1.23473E+02, 225.127134340
 1.23487E+02, 225.429969300
 1.23500E+02, 225.732094460
 1.23513E+02, 226.033986070
 1.23525E+02, 226.335851040
 1.23537E+02, 226.637747760
 1.23548E+02, 226.939354830
 1.23559E+02, 227.241491970
 1.23570E+02, 227.544265460
 1.23579E+02, 227.846497070
 1.23589E+02, 228.149411830
 1.23598E+02, 228.451725940
 1.23607E+02, 228.754422390
 1.23615E+02, 229.056909340
 1.23622E+02, 229.358887670
 1.23630E+02, 229.661077050
 1.23636E+02, 229.962969810
 1.23643E+02, 230.264715700
 1.23648E+02, 230.566362960
 1.23654E+02, 230.868252470
 1.23659E+02, 231.170299370
 1.23663E+02, 231.472171490
 1.23667E+02, 231.774291640
 1.23671E+02, 232.076924470
 1.23674E+02, 232.378885120
 1.23677E+02, 232.680845020
 1.23679E+02, 232.983058350
 1.23681E+02, 233.284900910
 1.23682E+02, 233.586599050
 1.23683E+02, 233.888616860
 1.23683E+02, 234.190598260
 1.23683E+02, 234.492908770
 1.23683E+02, 234.795031570
 1.23682E+02, 235.097238240
 1.23681E+02, 235.400225190
 1.23679E+02, 235.703267690
 1.23677E+02, 236.005516090
 1.23673E+02, 236.307407100
 1.23670E+02, 236.609350320
 1.23667E+02, 236.911070700
 1.23663E+02, 237.213175820
 1.23658E+02, 237.514922860
 1.23653E+02, 237.818412520
 1.23648E+02, 238.120715720
 1.23643E+02, 238.423759830
 1.23637E+02, 238.725518190
 1.23630E+02, 239.027419890
 1.23624E+02, 239.329527210
 1.23616E+02, 239.631433700
 1.23609E+02, 239.933326300
 1.23601E+02, 240.235249020
 1.23592E+02, 240.537713130
 1.23583E+02, 240.840038370
 1.23574E+02, 241.142164970
 1.23565E+02, 241.444401590
 1.23554E+02, 241.746922550
 1.23544E+02, 242.048770930
 1.23533E+02, 242.350530840
 1.23522E+02, 242.653229440
 1.23510E+02, 242.955575530
 1.23498E+02, 243.257482220
 1.23486E+02, 243.559840070
 1.23473E+02, 243.862791360
 1.23460E+02, 244.165185120
 1.23446E+02, 244.467356410
 1.23432E+02, 244.771084180
 1.23418E+02, 245.073803520
 1.23403E+02, 245.375868310
 1.23388E+02, 245.677941820
 1.23372E+02, 245.980089070
 1.23356E+02, 246.281676450
 1.23340E+02, 246.583580840
 1.23323E+02, 246.885658050
 1.23306E+02, 247.189182530
 1.23288E+02, 247.491263410
 1.23270E+02, 247.793315720
 1.23252E+02, 248.095347160
 1.23234E+02, 248.397232910
 1.23215E+02, 248.699138000
 1.23195E+02, 249.001266410
 1.23176E+02, 249.303486200
 1.23155E+02, 249.605872960
 1.23128E+02, 249.907697040
 1.23107E+02, 250.209885370
 1.23086E+02, 250.512181660
 1.23064E+02, 250.814320290
 1.23042E+02, 251.116345210
 1.23020E+02, 251.418572250
 1.22998E+02, 251.720233330
 1.22975E+02, 252.021973750
 1.22951E+02, 252.323874230
 1.22928E+02, 252.625491660
 1.22904E+02, 252.927078850
 1.22879E+02, 253.229112440
 1.22855E+02, 253.531576430
 1.22830E+02, 253.833508970
 1.22804E+02, 254.136931250
 1.22779E+02, 254.439080410
 1.22753E+02, 254.741284620
 1.22726E+02, 255.069451950
 1.22699E+02, 255.371476360
 1.22672E+02, 255.673536100
 1.22645E+02, 255.975458470
 1.22617E+02, 256.277412350
 1.22589E+02, 256.579226760
 1.22561E+02, 256.882167220
 1.22532E+02, 257.184299900
 1.22503E+02, 257.486219260
 1.22474E+02, 257.787952920
 1.22444E+02, 258.090099870
 1.22414E+02, 258.391974400
 1.22384E+02, 258.694442860
 1.22353E+02, 258.996484110
 1.22322E+02, 259.298391600
 1.22291E+02, 259.600406800
 1.22259E+02, 259.904409190
 1.22227E+02, 260.206399140
 1.22184E+02, 260.508291260
 1.22151E+02, 260.810085730
 1.22118E+02, 261.113424550
 1.22085E+02, 261.415803100
 1.22052E+02, 261.717695460
 1.22018E+02, 262.019243870
 1.21984E+02, 262.321083430
 1.21950E+02, 262.622782630
 1.21915E+02, 262.925029770
 1.21880E+02, 263.226639290
 1.21845E+02, 263.528497450
 1.21809E+02, 263.830683810
 1.21774E+02, 264.132550430
 1.21737E+02, 264.436008980
 1.21701E+02, 264.738955750
 1.21664E+02, 265.041303380
 1.21627E+02, 265.342983940
 1.21590E+02, 265.644608600
 1.21553E+02, 265.946279740
 1.21515E+02, 266.248181920
 1.21477E+02, 266.550105740
 1.21438E+02, 266.852300740
 1.21400E+02, 267.154699920
 1.21361E+02, 267.456589270
 1.21322E+02, 267.758624310
 1.21282E+02, 268.060569030
 1.21242E+02, 268.362727500
 1.21202E+02, 268.664777200
 1.21162E+02, 268.966571880
 1.21122E+02, 269.268560030
 1.21081E+02, 269.570551480
 1.21040E+02, 269.872811140
 1.20998E+02, 270.175339920
 1.20957E+02, 270.477315840
 1.20915E+02, 270.779558180
 1.20873E+02, 271.081833870
 1.20830E+02, 271.383923110
 1.20788E+02, 271.685598710
 1.20745E+02, 271.987290140
 1.20702E+02, 272.289302330
 1.20658E+02, 272.591159580
 1.20615E+02, 272.893095270
 1.20571E+02, 273.196017200
 1.20527E+02, 273.498364630
 1.20483E+02, 273.800286510
 1.20438E+02, 274.102647000
 1.20393E+02, 274.405263150
 1.20333E+02, 274.707070070
 1.20288E+02, 275.008849710
 1.20242E+02, 275.310429380
 1.20196E+02, 275.612218700
 1.20150E+02, 275.914096840
 1.20104E+02, 276.216526930
 1.20057E+02, 276.518363530
 1.20011E+02, 276.821256300
 1.19964E+02, 277.123682380
 1.19917E+02, 277.425742160
 1.19870E+02, 277.727229850
 1.19822E+02, 278.028940770
 1.19774E+02, 278.330657500
 1.19726E+02, 278.632295880
 1.19678E+02, 278.934027430
 1.19630E+02, 279.235723420
 1.19581E+02, 279.537844120
 1.19532E+02, 279.840065010
 1.19483E+02, 280.142082770
 1.19434E+02, 280.444324100
 1.19385E+02, 280.747161760
 1.19335E+02, 281.049179970
 1.19285E+02, 281.351183940
 1.19235E+02, 281.652990490
 1.19185E+02, 281.954805060
 1.19135E+02, 282.256778380
 1.19084E+02, 282.559292770
 1.19033E+02, 282.862559850
 1.18982E+02, 283.166079930
 1.18931E+02, 283.468178280
 1.18879E+02, 283.770543150
 1.18828E+02, 284.073419380
 1.18776E+02, 284.375508380
 1.18724E+02, 284.677573410
 1.18672E+02, 284.979494190
 1.18620E+02, 285.281548110
 1.18567E+02, 285.583550680
 1.18514E+02, 285.885718220
 1.18461E+02, 286.187932800
 1.18408E+02, 286.490136360
 1.18355E+02, 286.792414200
 1.18302E+02, 287.095135250
 1.18248E+02, 287.398016990
 1.18194E+02, 287.700596220
 1.18140E+02, 288.002729410
 1.18086E+02, 288.304849900
 1.18014E+02, 288.606520540
 1.17959E+02, 288.908326040
 1.17905E+02, 289.210211490
 1.17850E+02, 289.512136120
 1.17795E+02, 289.813996720
 1.17740E+02, 290.115767350
 1.17685E+02, 290.418111230
 1.17630E+02, 290.720040010
 1.17574E+02, 291.021821660
 1.17519E+02, 291.323996660
 1.17463E+02, 291.625878510
 1.17407E+02, 291.927688010
 1.17351E+02, 292.229279300
 1.17295E+02, 292.531382820
 1.17238E+02, 292.833187510
 1.17182E+02, 293.134795980
 1.17125E+02, 293.436687240
 1.17068E+02, 293.740333110
 1.17011E+02, 294.042082300
 1.16954E+02, 294.344038080
 1.16897E+02, 294.646139140
 1.16840E+02, 294.948247820
 1.16782E+02, 295.250210160
 1.16725E+02, 295.552324950
 1.16667E+02, 295.859882110
 1.16609E+02, 296.162821080
 1.16551E+02, 296.465151670
 1.16493E+02, 296.767881090
 1.16435E+02, 297.070466420
 1.16376E+02, 297.372403170
 1.16318E+02, 297.674539250
 1.16259E+02, 297.976458010
 1.16200E+02, 298.278453070
 1.16142E+02, 298.580603080
 1.16083E+02, 298.882638860
 1.16024E+02, 299.185716340
 1.15964E+02, 299.488023590
 1.15905E+02, 299.790203000
 1.15846E+02, 300.092452400
 1.15786E+02, 300.394731750
 1.15726E+02, 300.696831910
 1.15667E+02, 300.998910130
 1.15607E+02, 301.301028280
 1.15547E+02, 301.603314900
 1.15487E+02, 301.905732910
 1.15407E+02, 302.209514820
 1.15346E+02, 302.511349880
 1.15286E+02, 302.813608650
 1.15226E+02, 303.115337590
 1.15165E+02, 303.417844590
 1.15105E+02, 303.719728030
 1.15044E+02, 304.021785160
 1.14983E+02, 304.323864930
 1.14922E+02, 304.625889950
 1.14861E+02, 304.927675550
 1.14800E+02, 305.235119800
 1.14739E+02, 305.536779820
 1.14678E+02, 305.838588930
 1.14617E+02, 306.140802760
 1.14556E+02, 306.442928610
 1.14494E+02, 306.745691440
 1.14433E+02, 307.048082150
 1.14371E+02, 307.350029720
 1.14310E+02, 307.652240090
 1.14248E+02, 307.953985070
 1.14186E+02, 308.255771030
 1.14124E+02, 308.557663700
 1.14062E+02, 308.860195480
 1.14000E+02, 309.162246550
 1.13938E+02, 309.464256740
 1.13876E+02, 309.766756460
 1.13814E+02, 310.068724670
 1.13752E+02, 310.370528860
 1.13689E+02, 310.672470520
 1.13627E+02, 310.974557750
 1.13565E+02, 311.276385590
 1.13502E+02, 311.578184880
 1.13440E+02, 311.880237850
 1.13377E+02, 312.182346520
 1.13314E+02, 312.484698360
 1.13252E+02, 312.786420200
 1.13189E+02, 313.088321980
 1.13126E+02, 313.390179180
 1.13063E+02, 313.692097290
 1.13000E+02, 313.994152360
 1.12937E+02, 314.296329070
 1.12874E+02, 314.598501780
 1.12811E+02, 314.900817150
 1.12748E+02, 315.203948470
 1.12685E+02, 315.505911330
 1.12601E+02, 315.807738170
 1.12538E+02, 316.109691790
 1.12474E+02, 316.412386840
 1.12411E+02, 316.714188380
 1.12348E+02, 317.016874410
 1.12285E+02, 317.318538740
 1.12221E+02, 317.620458800
 1.12158E+02, 317.922317400
 1.12095E+02, 318.224029420
 1.12031E+02, 318.526424540
 1.11968E+02, 318.828765160
 1.11905E+02, 319.130739980
 1.11841E+02, 319.434111860
 1.11778E+02, 319.736561090
 1.11714E+02, 320.038753190
 1.11651E+02, 320.340643380
 1.11587E+02, 320.642439180
 1.11524E+02, 320.944202520
 1.11460E+02, 321.246392670
 1.11396E+02, 321.548554370
 1.11333E+02, 321.850603350
 1.11269E+02, 322.153858190
 1.11206E+02, 322.455892200
 1.11142E+02, 322.758315700
 1.11078E+02, 323.060172020
 1.11015E+02, 323.362149770
 1.10951E+02, 323.664265280
 1.10887E+02, 323.966043250
 1.10824E+02, 324.268087920
 1.10760E+02, 324.570125680
 1.10696E+02, 324.872331070
 1.10633E+02, 325.174637350
 1.10569E+02, 325.476799850
 1.10505E+02, 325.778747540
 1.10442E+02, 326.081237270
 1.10378E+02, 326.383308700
 1.10315E+02, 326.685260600
 1.10251E+02, 326.987245750
 1.10187E+02, 327.289164890
 1.10124E+02, 327.591461750
 1.10060E+02, 327.893362460
 1.09996E+02, 328.195494300
 1.09933E+02, 328.497796770
 1.09869E+02, 328.799698880
 1.09806E+02, 329.101698570
 1.09742E+02, 329.404653990
 1.09657E+02, 329.706586940
 1.09594E+02, 330.008442860
 1.09530E+02, 330.310324720
 1.09467E+02, 330.612133750
 1.09404E+02, 330.913948490
 1.09340E+02, 331.215676770
 1.09277E+02, 331.517844080
 1.09214E+02, 331.819911100
 1.09150E+02, 332.121795470
 1.09087E+02, 332.423885120
 1.09024E+02, 332.725832420
 1.08961E+02, 333.027855350
 1.08897E+02, 333.329975180
 1.08834E+02, 333.631399770
 1.08771E+02, 333.933227490
 1.08708E+02, 334.235254330
 1.08645E+02, 334.537401050
 1.08582E+02, 334.839265290
 1.08519E+02, 335.141177300
 1.08456E+02, 335.443606110
 1.08393E+02, 335.746853080
 1.08330E+02, 336.048794060
 1.08268E+02, 336.350999150
 1.08205E+02, 336.653745960
 1.08142E+02, 336.955779820
 1.08079E+02, 337.257865280
 1.08017E+02, 337.559864170
 1.07954E+02, 337.862936700
 1.07892E+02, 338.165001410
 1.07829E+02, 338.466987780
 1.07767E+02, 338.769074440
 1.07704E+02, 339.072076600
 1.07642E+02, 339.374238350
 1.07579E+02, 339.676332620
 1.07517E+02, 339.978007390
 1.07455E+02, 340.280071010
 1.07393E+02, 340.582192230
 1.07331E+02, 340.884657100
 1.07269E+02, 341.187458970
 1.07207E+02, 341.489831520
 1.07145E+02, 341.791913070
 1.07083E+02, 342.094349400
 1.07021E+02, 342.396735330
 1.06960E+02, 342.698900440
 1.06898E+02, 343.001146000
 1.06836E+02, 343.303103610
 1.06775E+02, 343.604916730
 1.06693E+02, 343.906764140
 1.06631E+02, 344.208887470
 1.06570E+02, 344.510756310
 1.06509E+02, 344.812687770
 1.06448E+02, 345.114596890
 1.06387E+02, 345.417329380
 1.06326E+02, 345.719130600
 1.06265E+02, 346.021050240
 1.06204E+02, 346.323101210
 1.06143E+02, 346.625084070
 1.06082E+02, 346.926984680
 1.06022E+02, 347.229102090
 1.05961E+02, 347.532421460
 1.05901E+02, 347.835046290
 1.05840E+02, 348.136951800
 1.05780E+02, 348.439067270
 1.05720E+02, 348.741781070
 1.05659E+02, 349.043624150
 1.05599E+02, 349.345805140
 1.05539E+02, 349.647661310
 1.05479E+02, 349.949438680
 1.05420E+02, 350.251095820
 1.05360E+02, 350.553079380
 1.05300E+02, 350.855448080
 1.05241E+02, 351.157825890
 1.05181E+02, 351.460013140
 1.05122E+02, 351.762153900
 1.05062E+02, 352.064312690
 1.05003E+02, 352.366539910
 1.04944E+02, 352.668759420
 1.04885E+02, 352.970845880
 1.04826E+02, 353.272949170
 1.04767E+02, 353.575187720
 1.04709E+02, 353.876980520
 1.04650E+02, 354.178898510
 1.04591E+02, 354.481024890
 1.04533E+02, 354.783255610
 1.04474E+02, 355.086365820
 1.04397E+02, 355.411757130
 1.04339E+02, 355.714259480
 1.04281E+02, 356.016100070
 1.04223E+02, 356.318084990
 1.04165E+02, 356.620284010
 1.04107E+02, 356.922147240
 1.04049E+02, 357.223979110
 1.03992E+02, 357.527744560
 1.03935E+02, 357.829997530
 1.03877E+02, 358.131921580
 1.03820E+02, 358.433994620
 1.03763E+02, 358.736395970
 1.03706E+02, 359.038397420
 1.03649E+02, 359.340440750
 1.03592E+02, 359.642396050
 1.03536E+02, 359.944688810
 1.03479E+02, 360.246709020
 1.03423E+02, 360.548636180
 1.03366E+02, 360.850670740
 1.03310E+02, 361.153208360
 1.03254E+02, 361.455640880
 1.03198E+02, 361.757631050
 1.03142E+02, 362.059527550
 1.03087E+02, 362.361438870
 1.03031E+02, 362.663533940
 1.02975E+02, 362.965744830
 1.02920E+02, 363.267776180
 1.02865E+02, 363.569864540
 1.02809E+02, 363.872021290
 1.02754E+02, 364.174262690
 1.02700E+02, 364.476525880
 1.02645E+02, 364.778685830
 1.02590E+02, 365.081225600
 1.02535E+02, 365.383391410
 1.02481E+02, 365.685629850
 1.02427E+02, 365.987927910
 1.02372E+02, 366.290098130
 1.02318E+02, 366.592306120
 1.02264E+02, 366.894271440
 1.02211E+02, 367.196876140
 1.02157E+02, 367.499723900
 1.02103E+02, 367.801804550
 1.02050E+02, 368.104214520
 1.01997E+02, 368.406679000
 1.01926E+02, 368.708716540
 1.01873E+02, 369.010425680
 1.01820E+02, 369.312208660
 1.01767E+02, 369.613950050
 1.01714E+02, 369.915762490
 1.01662E+02, 370.217528040
 1.01609E+02, 370.519594660
 1.01557E+02, 370.821791180
 1.01505E+02, 371.123826090
 1.01453E+02, 371.425784300
 1.01401E+02, 371.727916900
 1.01350E+02, 372.029814750
 1.01298E+02, 372.331705830
 1.01247E+02, 372.633571270
 1.01195E+02, 372.935234220
 1.01144E+02, 373.237050960
 1.01093E+02, 373.538848070
 1.01042E+02, 373.840821910
 1.00992E+02, 374.142638940
 1.00941E+02, 374.444439460
 1.00890E+02, 374.746288110
 1.00840E+02, 375.049445860
 1.00790E+02, 375.351565890
 1.00740E+02, 375.653796320
 1.00690E+02, 375.955728080
 1.00640E+02, 376.257654130
 1.00591E+02, 376.560073330
 1.00541E+02, 376.862369370
 1.00492E+02, 377.166027930
 1.00443E+02, 377.468348590
 1.00394E+02, 377.770303140
 1.00345E+02, 378.073203550
 1.00296E+02, 378.375304340
 1.00247E+02, 378.677621530
 1.00199E+02, 378.979676030
 1.00151E+02, 379.281657990
 1.00102E+02, 379.583908550
 1.00054E+02, 379.886143590
 1.00006E+02, 380.188645590
 9.99587E+01, 380.490910040
 9.99111E+01, 380.792953520
 9.98637E+01, 381.095127940
 9.98164E+01, 381.397409470
 9.97693E+01, 381.699795000
 9.97223E+01, 382.001979140
 9.96755E+01, 382.303952390
 9.96288E+01, 382.605844160
 9.95668E+01, 382.907615220
 9.95204E+01, 383.209534260
 9.94742E+01, 383.511801060
 9.94282E+01, 383.813997980
 9.93823E+01, 384.116593860
 9.93366E+01, 384.419244890
 9.92910E+01, 384.720981780
 9.92456E+01, 385.022805740
 9.92003E+01, 385.324868040
 9.91552E+01, 385.626579180
 9.91103E+01, 385.928354250
 9.90655E+01, 386.230046050
 9.90209E+01, 386.532315960
 9.89764E+01, 386.834664020
 9.89320E+01, 387.136820910
 9.88878E+01, 387.439052140
 9.88438E+01, 387.742194210
 9.88000E+01, 388.044147310
 9.87563E+01, 388.346073160
 9.87127E+01, 388.647850330
 9.86694E+01, 388.949668770
 9.86261E+01, 389.251535510
 9.85831E+01, 389.553437320
 9.85401E+01, 389.856063610
 9.84974E+01, 390.158158580
 9.84548E+01, 390.459975330
 9.84124E+01, 390.761987730
 9.83701E+01, 391.063854070
 9.83280E+01, 391.365819290
 9.82860E+01, 391.667812270
 9.82442E+01, 391.969549270
 9.82026E+01, 392.271456780
 9.81611E+01, 392.573525410
 9.81198E+01, 392.875730590
 9.80787E+01, 393.177872560
 9.80377E+01, 393.480177920
 9.79969E+01, 393.782181020
 9.79563E+01, 394.084428080
 9.79158E+01, 394.386612330
 9.78755E+01, 394.688900670
 9.78353E+01, 394.990886540
 9.77953E+01, 395.292646370
 9.77555E+01, 395.594588860
 9.77158E+01, 395.897039710
 9.76763E+01, 396.199396280
 9.76370E+01, 396.501498260
 9.75978E+01, 396.803578560
 9.75588E+01, 397.106163210
 9.75071E+01, 397.408577690
 9.74684E+01, 397.710553340
 9.74300E+01, 398.012206270
 9.73917E+01, 398.314138840
 9.73536E+01, 398.616014390
 9.73156E+01, 398.917895750
 9.72778E+01, 399.219726710
 9.72402E+01, 399.521836010
 9.72027E+01, 399.824571100
 9.71654E+01, 400.126397790
 9.71283E+01, 400.428424510
 9.70913E+01, 400.730465040
 9.70545E+01, 401.032342060
 9.70179E+01, 401.334501920
 9.69814E+01, 401.636281960
 9.69451E+01, 401.938099470
 9.69090E+01, 402.239911960
 9.68730E+01, 402.542215700
 9.68372E+01, 402.844363140
 9.68016E+01, 403.146774630
 9.67662E+01, 403.448789850
 9.67309E+01, 403.752072750
 9.66958E+01, 404.054111030
 9.66608E+01, 404.356557340
 9.66261E+01, 404.659133540
 9.65915E+01, 404.960894040
 9.65570E+01, 405.263183850
 9.65228E+01, 405.596319390
 9.64887E+01, 405.898484170
 9.64548E+01, 406.200702830
 9.64210E+01, 406.502891350
 9.63874E+01, 406.804892110
 9.63429E+01, 407.106813710
 9.63097E+01, 407.409644130
 9.62767E+01, 407.711561440
 9.62439E+01, 408.013627870
 9.62112E+01, 408.315604530
 9.61787E+01, 408.617571520
 9.61463E+01, 408.919350260
 9.61141E+01, 409.221283090
 9.60821E+01, 409.523622780
 9.60503E+01, 409.825564030
 9.60186E+01, 410.127434540
 9.59871E+01, 410.429469660
 9.59558E+01, 410.731282560
 9.59246E+01, 411.033008090
 9.58937E+01, 411.334975580
 9.58628E+01, 411.636726160
 9.58322E+01, 411.938306420
 9.58017E+01, 412.240021830
 9.57714E+01, 412.542045030
 9.57413E+01, 412.844181050
 9.57113E+01, 413.146283190
 9.56816E+01, 413.448343360
 9.56520E+01, 413.750997260
 9.56225E+01, 414.052950430
 9.55933E+01, 414.354856510
 9.55642E+01, 414.656803720
 9.55352E+01, 414.958540320
 9.55065E+01, 415.260315250
 9.54779E+01, 415.562185860
 9.54495E+01, 415.864136010
 9.54213E+01, 416.166391110
 9.53932E+01, 416.468451930
 9.53653E+01, 416.770730120
 9.53376E+01, 417.073563420
 9.53101E+01, 417.375875910
 9.52827E+01, 417.677961920
 9.52555E+01, 417.979837440
 9.52284E+01, 418.281722770
 9.52016E+01, 418.584168790
 9.51749E+01, 418.886403680
 9.51483E+01, 419.189335320
 9.51220E+01, 419.491267240
 9.50958E+01, 419.793360880
 9.50698E+01, 420.095558610
 9.50440E+01, 420.397976160
 9.50183E+01, 420.700156360
 9.49928E+01, 421.002234770
 9.49675E+01, 421.304085540
 9.49424E+01, 421.606085800
 9.49091E+01, 421.907850200
 9.48843E+01, 422.209648870
 9.48598E+01, 422.511368900
 9.48354E+01, 422.813364540
 9.48111E+01, 423.115352370
 9.47870E+01, 423.417741170
 9.47631E+01, 423.719559780
 9.47393E+01, 424.021572360
 9.47157E+01, 424.323498670
 9.46923E+01, 424.625830660
 9.46690E+01, 424.927956810
 9.46460E+01, 425.229646380
 9.46231E+01, 425.531689060
 9.46003E+01, 425.834191930
 9.45778E+01, 426.136051170
 9.45554E+01, 426.438558290
 9.45331E+01, 426.741326660
 9.45111E+01, 427.043494780
 9.44892E+01, 427.345437530
 9.44675E+01, 427.647330180
 9.44459E+01, 427.949410590
 9.44245E+01, 428.250976820
 9.44033E+01, 428.553012640
 9.43823E+01, 428.855039340
 9.43614E+01, 429.157431900
 9.43407E+01, 429.459590400
 9.43202E+01, 429.761948440
 9.42998E+01, 430.063775770
 9.42796E+01, 430.365740660
 9.42595E+01, 430.667663370
 9.42397E+01, 430.969514740
 9.42200E+01, 431.271528320
 9.42004E+01, 431.573876640
 9.41811E+01, 431.876019370
 9.41619E+01, 432.178191450
 9.41428E+01, 432.480440680
 9.41240E+01, 432.782434520
 9.41053E+01, 433.084510730
 9.40868E+01, 433.386668780
 9.40684E+01, 433.688802990
 9.40502E+01, 433.991031290
 9.40322E+01, 434.293237730
 9.40143E+01, 434.595535560
 9.39966E+01, 434.897683500
 9.39791E+01, 435.200233300
 9.39617E+01, 435.503412110
 9.39445E+01, 435.805719450
 9.39218E+01, 436.107597770
 9.39050E+01, 436.410570140
 9.38883E+01, 436.712536170
 9.38718E+01, 437.014367100
 9.38555E+01, 437.316095650
 9.38393E+01, 437.617947220
 9.38232E+01, 437.919684230
 9.38074E+01, 438.221708860
 9.37916E+01, 438.523695790
 9.37761E+01, 438.826573280
 9.37607E+01, 439.128646120
 9.37455E+01, 439.430838040
 9.37304E+01, 439.733283100
 9.37155E+01, 440.035386200
 9.37008E+01, 440.337236260
 9.36862E+01, 440.639094050
 9.36718E+01, 440.940925980
 9.36575E+01, 441.242778260
 9.36435E+01, 441.545640610
 9.36295E+01, 441.847436620
 9.36158E+01, 442.164206350
 9.36021E+01, 442.466380530
 9.35887E+01, 442.768721700
 9.35754E+01, 443.071790490
 9.35623E+01, 443.374244860
 9.35493E+01, 443.676320210
 9.35365E+01, 443.978775680
 9.35238E+01, 444.280778840
 9.35114E+01, 444.582949480
 9.34990E+01, 444.885182320
 9.34868E+01, 445.187584710
 9.34748E+01, 445.489769260
 9.34629E+01, 445.791918350
 9.34512E+01, 446.094675650
 9.34397E+01, 446.397350440
 9.34283E+01, 446.699692090
 9.34171E+01, 447.002030150
 9.34060E+01, 447.304029400
 9.33951E+01, 447.605794210
 9.33807E+01, 447.907418140
 9.33702E+01, 448.209382580
 9.33598E+01, 448.511169870
 9.33495E+01, 448.813220230
 9.33394E+01, 449.115455150
 9.33294E+01, 449.417752350
 9.33196E+01, 449.719558900
 9.33099E+01, 450.021379910
 9.33004E+01, 450.324018730
 9.32910E+01, 450.625618920
 9.32818E+01, 450.927391300
 9.32727E+01, 451.229129000
 9.32638E+01, 451.531238420
 9.32551E+01, 451.833278390
 9.32464E+01, 452.135044200
 9.32380E+01, 452.437161080
 9.32297E+01, 452.739546280
 9.32215E+01, 453.041348660
 9.32135E+01, 453.343150330
 9.32056E+01, 453.644897100
 9.31979E+01, 453.946570630
 9.31904E+01, 454.248403230
 9.31830E+01, 454.550564740
 9.31757E+01, 454.853068750
 9.31686E+01, 455.155456340
 9.31616E+01, 455.458102080
 9.31548E+01, 455.786753380
 9.31481E+01, 456.088586870
 9.31416E+01, 456.391258200
 9.31352E+01, 456.692881040
 9.31290E+01, 456.994675900
 9.31229E+01, 457.296464750
 9.31170E+01, 457.598446270
 9.31112E+01, 457.900594810
 9.31055E+01, 458.202739800
 9.31000E+01, 458.504980560
 9.30929E+01, 458.806672630
 9.30878E+01, 459.108597640
 9.30827E+01, 459.410649090
 9.30779E+01, 459.712475120
 9.30731E+01, 460.014337610
 9.30685E+01, 460.316116450
 9.30640E+01, 460.618155080
 9.30597E+01, 460.920072780
 9.30554E+01, 461.223469950
 9.30514E+01, 461.526010380
 9.30474E+01, 461.827920370
 9.30436E+01, 462.129876230
 9.30400E+01, 462.431873690
 9.30365E+01, 462.734587610
 9.30331E+01, 463.036520330
 9.30299E+01, 463.338302970
 9.30268E+01, 463.640111060
 9.30238E+01, 463.942030760
 9.30210E+01, 464.244376480
 9.30183E+01, 464.546366020
 9.30158E+01, 464.848494810
 9.30134E+01, 465.150553270
 9.30111E+01, 465.453337030
 9.30090E+01, 465.755530550
 9.30070E+01, 466.057828980
 9.30052E+01, 466.360088330
 9.30034E+01, 466.662278150
 9.30018E+01, 466.964633170
 9.30004E+01, 467.266624310
 9.29990E+01, 467.569201970
 9.29978E+01, 467.871877210
 9.29968E+01, 468.174236650
 9.29958E+01, 468.476206050
 9.29950E+01, 468.778481030
 9.29944E+01, 469.080899480
 9.29939E+01, 469.382918270
 9.29934E+01, 469.684916520
 9.29932E+01, 469.986605480
 9.29930E+01, 470.288506650
 9.29930E+01, 470.590454100
 9.29931E+01, 470.892367590
 9.29934E+01, 471.194162950
 9.29937E+01, 471.496247170
 9.29942E+01, 471.797990430
 9.29949E+01, 472.100107710
 9.29956E+01, 472.402753400
 9.29965E+01, 472.705350280
 9.29979E+01, 473.007964460
 9.29991E+01, 473.310194390
 9.30004E+01, 473.612231280
 9.30018E+01, 473.914206330
 9.30034E+01, 474.216776630
 9.30050E+01, 474.518733350
 9.30067E+01, 474.820853540
 9.30086E+01, 475.122874030
 9.30106E+01, 475.424921680
 9.30128E+01, 475.726675060
 9.30150E+01, 476.028453290
 9.30174E+01, 476.330418380
 9.30199E+01, 476.632829820
 9.30225E+01, 476.934522190
 9.30252E+01, 477.236556060
 9.30281E+01, 477.538883250
 9.30310E+01, 477.840832660
 9.30341E+01, 478.142944980
 9.30373E+01, 478.445121810
 9.30407E+01, 478.747577430
 9.30441E+01, 479.049457160
 9.30477E+01, 479.352024600
 9.30514E+01, 479.654250440
 9.30552E+01, 479.956356740
 9.30591E+01, 480.258566970
 9.30631E+01, 480.561035110
 9.30673E+01, 480.862983070
 9.30715E+01, 481.164950360
 9.30759E+01, 481.467335950
 9.30804E+01, 481.769673590
 9.30850E+01, 482.071976820
 9.30897E+01, 482.374108930
 9.30945E+01, 482.676342290
 9.30995E+01, 482.978508000
 9.31045E+01, 483.280493130
 9.31097E+01, 483.582369840
 9.31150E+01, 483.884636560
 9.31204E+01, 484.186852970
 9.31258E+01, 484.489210210
 9.31315E+01, 484.791409350
 9.31372E+01, 485.093592940
 9.31430E+01, 485.395608730
 9.31489E+01, 485.697385670
 9.31550E+01, 485.999415680
 9.31611E+01, 486.301171770
 9.31674E+01, 486.602825660
 9.31738E+01, 486.904761650
 9.31824E+01, 487.206414280
 9.31890E+01, 487.508135900
 9.31957E+01, 487.809933830
 9.32026E+01, 488.112410130
 9.32095E+01, 488.414753750
 9.32165E+01, 488.716778650
 9.32236E+01, 489.018387650
 9.32308E+01, 489.320380950
 9.32381E+01, 489.622081270
 9.32455E+01, 489.923990160
 9.32530E+01, 490.226112100
 9.32606E+01, 490.527883470
 9.32683E+01, 490.829903310
 9.32761E+01, 491.131835880
 9.32840E+01, 491.433995990
 9.32920E+01, 491.737115730
 9.33001E+01, 492.039133020
 9.33083E+01, 492.341247190
 9.33166E+01, 492.643481190
 9.33250E+01, 492.945253610
 9.33335E+01, 493.247223110
 9.33421E+01, 493.549332080
 9.33507E+01, 493.851379820
 9.33595E+01, 494.153400010
 9.33684E+01, 494.455495950
 9.33774E+01, 494.758356050
 9.33864E+01, 495.060308110
 9.33956E+01, 495.362532490
 9.34049E+01, 495.664676170
 9.34142E+01, 495.966787940
 9.34236E+01, 496.269114320
 9.34331E+01, 496.571260840
 9.34427E+01, 496.873749930
 9.34525E+01, 497.175895200
 9.34623E+01, 497.477898970
 9.34722E+01, 497.779702910
 9.34821E+01, 498.082213790
 9.34922E+01, 498.384340270
 9.35024E+01, 498.686449890
 9.35126E+01, 498.988450650
 9.35230E+01, 499.290780670
 9.35334E+01, 499.592678240
 9.35439E+01, 499.895190730
 9.35545E+01, 500.197035930
 9.35652E+01, 500.499466390
 9.35760E+01, 500.801576250
 9.35868E+01, 501.103792580
 9.35978E+01, 501.406487150
 9.36125E+01, 501.708394580
 9.36236E+01, 502.010226320
 9.36349E+01, 502.311938330
 9.36462E+01, 502.613775560
 9.36575E+01, 502.915566320
 9.36690E+01, 503.217829370
 9.36805E+01, 503.519591080
 9.36920E+01, 503.821677650
 9.37037E+01, 504.123354030
 9.37155E+01, 504.425927170
 9.37273E+01, 504.727684020
 9.37392E+01, 505.029535840
 9.37512E+01, 505.331562950
 9.37633E+01, 505.633612650
 9.37754E+01, 505.935262380
 9.37876E+01, 506.237269400
 9.37999E+01, 506.539404910
 9.38123E+01, 506.841252970
 9.38247E+01, 507.143012970
 9.38373E+01, 507.444930120
 9.38499E+01, 507.747966300
 9.38625E+01, 508.050033680
 9.38753E+01, 508.352047300
 9.38881E+01, 508.654048460
 9.39010E+01, 508.956045710
 9.39140E+01, 509.258130580
 9.39270E+01, 509.559974040
 9.39401E+01, 509.862115360
 9.39533E+01, 510.164393590
 9.39666E+01, 510.466339290
 9.39799E+01, 510.768640110
 9.39933E+01, 511.071737470
 9.40068E+01, 511.373902630
 9.40203E+01, 511.676002520
 9.40339E+01, 511.978082130
 9.40476E+01, 512.280138340
 9.40613E+01, 512.582121560
 9.40751E+01, 512.884204070
 9.40890E+01, 513.186082750
 9.41030E+01, 513.488093820
 9.41170E+01, 513.790052750
 9.41310E+01, 514.092186400
 9.41451E+01, 514.394887050
 9.41593E+01, 514.696988440
 9.41736E+01, 514.999082980
 9.41879E+01, 515.301662390
 9.42023E+01, 515.603839730
 9.42168E+01, 515.906273660
 9.42361E+01, 516.208238800
 9.42507E+01, 516.509815350
 9.42654E+01, 516.811502510
 9.42801E+01, 517.113710770
 9.42948E+01, 517.415570960
 9.43096E+01, 517.717318430
 9.43245E+01, 518.019063090
 9.43394E+01, 518.320664680
 9.43544E+01, 518.622183380
 9.43694E+01, 518.923682680
 9.43845E+01, 519.225910770
 9.43997E+01, 519.527644360
 9.44149E+01, 519.829449430
 9.44301E+01, 520.131274260
 9.44454E+01, 520.433307880
 9.44608E+01, 520.736404320
 9.44762E+01, 521.038400370
 9.44917E+01, 521.340316970
 9.45072E+01, 521.642018150
 9.45228E+01, 521.943782250
 9.45385E+01, 522.246350390
 9.45542E+01, 522.548332010
 9.45699E+01, 522.850331060
 9.45857E+01, 523.152496030
 9.46015E+01, 523.454356820
 9.46174E+01, 523.756340940
 9.46334E+01, 524.058205430
 9.46494E+01, 524.360132260
 9.46654E+01, 524.662132810
 9.46815E+01, 524.963941000
 9.46977E+01, 525.266166680
 9.47139E+01, 525.569201910
 9.47301E+01, 525.871404740
 9.47464E+01, 526.173549870
 9.47627E+01, 526.475681880
 9.47791E+01, 526.777822400
 9.47955E+01, 527.080613510
 9.48120E+01, 527.382876010
 9.48285E+01, 527.685010920
 9.48450E+01, 527.987033920
 9.48616E+01, 528.289231540
 9.48783E+01, 528.591312870
 9.48950E+01, 528.893824600
 9.49117E+01, 529.195833260
 9.49285E+01, 529.497976590
 9.49453E+01, 529.800073930
 9.49622E+01, 530.102620530
 9.49791E+01, 530.405677000
 9.50017E+01, 530.707601610
 9.50187E+01, 531.009461500
 9.50357E+01, 531.311234820
 9.50527E+01, 531.613095710
 9.50699E+01, 531.914971930
 9.50870E+01, 532.216773710
 9.51041E+01, 532.518611060
 9.51213E+01, 532.820944550
 9.51385E+01, 533.122989580
 9.51558E+01, 533.425253540
 9.51731E+01, 533.727091980
 9.51904E+01, 534.029063180
 9.52078E+01, 534.331288460
 9.52252E+01, 534.633410050
 9.52427E+01, 534.935439460
 9.52601E+01, 535.237242640
 9.52776E+01, 535.539011250
 9.52952E+01, 535.840920740
 9.53127E+01, 536.142703170
 9.53303E+01, 536.444692810
 9.53480E+01, 536.747539170
 9.53657E+01, 537.049331040
 9.53833E+01, 537.351556520
 9.54011E+01, 537.653421620
 9.54188E+01, 537.955284310
 9.54366E+01, 538.257443870
 9.54544E+01, 538.559345330
 9.54723E+01, 538.861189490
 9.54902E+01, 539.163316780
 9.55081E+01, 539.465174120
 9.55260E+01, 539.767153340
 9.55439E+01, 540.069054850
 9.55619E+01, 540.370988480
 9.55799E+01, 540.673299520
 9.55980E+01, 540.975375080
 9.56160E+01, 541.277475070
 9.56341E+01, 541.580195300
 9.56522E+01, 541.882179320
 9.56704E+01, 542.184310120
 9.56885E+01, 542.486303570
 9.57067E+01, 542.788458620
 9.57249E+01, 543.090539930
 9.57431E+01, 543.392769420
 9.57614E+01, 543.694725090
 9.57796E+01, 543.997138830
 9.57979E+01, 544.299248000
 9.58162E+01, 544.601419870
 9.58346E+01, 544.903190590
 9.58529E+01, 545.205288030
 9.58774E+01, 545.507179580
 9.58958E+01, 545.809098080
 9.59143E+01, 546.110953160
 9.59327E+01, 546.413524300
 9.59511E+01, 546.715375160
 9.59696E+01, 547.017190970
 9.59880E+01, 547.318957580
 9.60065E+01, 547.620767170
 9.60250E+01, 547.922620350
 9.60435E+01, 548.225461000
 9.60620E+01, 548.527319680
 9.60806E+01, 548.829462410
 9.60992E+01, 549.131417070
 9.61177E+01, 549.433364730
 9.61363E+01, 549.735510850
 9.61549E+01, 550.037410120
 9.61735E+01, 550.339510460
 9.61922E+01, 550.641471840
 9.62108E+01, 550.943226730
 9.62295E+01, 551.245421550
 9.62481E+01, 551.547683410
 9.62668E+01, 551.849830140
 9.62855E+01, 552.152064340
 9.63042E+01, 552.454523880
 9.63229E+01, 552.756458010
 9.63416E+01, 553.058416390
 9.63604E+01, 553.360307030
 9.63791E+01, 553.662202290
 9.63979E+01, 553.964180700
 9.64166E+01, 554.266157010
 9.64354E+01, 554.569418160
 9.64541E+01, 554.871758020
 9.64729E+01, 555.173810880
 9.64917E+01, 555.476229080
 9.65105E+01, 555.778595030
 9.65356E+01, 556.106763700
 9.65544E+01, 556.408603400
 9.65732E+01, 556.710551590
 9.65920E+01, 557.012326710
 9.66108E+01, 557.314366340
 9.66297E+01, 557.616256880
 9.66485E+01, 557.918018790
 9.66673E+01, 558.219991690
 9.66861E+01, 558.521908790
 9.67049E+01, 558.824307500
 9.67237E+01, 559.126296730
 9.67426E+01, 559.428136870
 9.67614E+01, 559.729747700
 9.67802E+01, 560.031526120
 9.67990E+01, 560.333380400
 9.68179E+01, 560.635352410
 9.68367E+01, 560.936990680
 9.68556E+01, 561.239364960
 9.68744E+01, 561.541632620
 9.68932E+01, 561.843767030
 9.69121E+01, 562.145740550
 9.69309E+01, 562.447589620
 9.69497E+01, 562.750037330
 9.69685E+01, 563.052525920
 9.69874E+01, 563.354302260
 9.70062E+01, 563.656318250
 9.70250E+01, 563.958237350
 9.70438E+01, 564.260101950
 9.70626E+01, 564.562369830
 9.70814E+01, 564.864326800
 9.71002E+01, 565.166505700
 9.71190E+01, 565.468673180
 9.71378E+01, 565.771025610
 9.71566E+01, 566.074165200
 9.71754E+01, 566.376504250
 9.71941E+01, 566.678657300
 9.72129E+01, 566.980569390
 9.72317E+01, 567.282494610
 9.72504E+01, 567.584772700
 9.72692E+01, 567.887390740
 9.72879E+01, 568.189696690
 9.73067E+01, 568.491958740
 9.73254E+01, 568.794239130
 9.73441E+01, 569.096605990
 9.73628E+01, 569.400079170
 9.73815E+01, 569.701969220
 9.74002E+01, 570.003848640
 9.74189E+01, 570.305538910
 9.74438E+01, 570.607399310
 9.74624E+01, 570.909537030
 9.74811E+01, 571.211216470
 9.74997E+01, 571.513311910
 9.75183E+01, 571.815106190
 9.75369E+01, 572.116847960
 9.75555E+01, 572.419451860
 9.75740E+01, 572.721362650
 9.75926E+01, 573.025223350
 9.76111E+01, 573.327339700
 9.76297E+01, 573.629093830
 9.76482E+01, 573.930911950
 9.76667E+01, 574.233027930
 9.76852E+01, 574.534940420
 9.77037E+01, 574.837296750
 9.77221E+01, 575.139381880
 9.77406E+01, 575.441252880
 9.77590E+01, 575.743493510
 9.77774E+01, 576.045399990
 9.77958E+01, 576.347523390
 9.78142E+01, 576.650164460
 9.78325E+01, 576.952468000
 9.78509E+01, 577.255282610
 9.78692E+01, 577.557810490
 9.78875E+01, 577.860253250
 9.79058E+01, 578.162506590
 9.79241E+01, 578.464316530
 9.79424E+01, 578.768338740
 9.79606E+01, 579.072320290
 9.79788E+01, 579.374322650
 9.79970E+01, 579.676160490
 9.80152E+01, 579.977920600
 9.80334E+01, 580.279694620
 9.80515E+01, 580.581744970
 9.80697E+01, 580.883977830
 9.80878E+01, 581.185775260
 9.81058E+01, 581.487581540
 9.81239E+01, 581.789470380
 9.81419E+01, 582.091426420
 9.81600E+01, 582.393098090
 9.81780E+01, 582.695220800
 9.81959E+01, 582.997190790
 9.82139E+01, 583.299312030
 9.82318E+01, 583.601383390
 9.82497E+01, 583.904608030
 9.82676E+01, 584.206476480
 9.82914E+01, 584.508241090
 9.83092E+01, 584.810194620
 9.83270E+01, 585.111874820
 9.83448E+01, 585.414533820
 9.83626E+01, 585.716314760
 9.83803E+01, 586.018054140
 9.83980E+01, 586.319777270
 9.84157E+01, 586.621569430
 9.84333E+01, 586.923869360
 9.84509E+01, 587.226033930
 9.84685E+01, 587.527866160
 9.84861E+01, 587.829913420
 9.85036E+01, 588.131801380
 9.85212E+01, 588.434105610
 9.85387E+01, 588.736403740
 9.85561E+01, 589.038211330
 9.85736E+01, 589.340225010
 9.85910E+01, 589.642365940
 9.86083E+01, 589.944274320
 9.86257E+01, 590.246491100
 9.86430E+01, 590.548405090
 9.86603E+01, 590.850417370
 9.86776E+01, 591.152778510
 9.86948E+01, 591.454800610
 9.87120E+01, 591.757880040
 9.87292E+01, 592.059788120
 9.87464E+01, 592.361689490
 9.87635E+01, 592.663920990
 9.87806E+01, 592.966368660
 9.87976E+01, 593.268162830
 9.88147E+01, 593.570509290
 9.88317E+01, 593.872481990
 9.88486E+01, 594.174641460
 9.88656E+01, 594.476759750
 9.88825E+01, 594.778855590
 9.88993E+01, 595.081206810
 9.89162E+01, 595.383147960
 9.89330E+01, 595.685235990
 9.89498E+01, 595.987436230
 9.89665E+01, 596.289328590
 9.89832E+01, 596.591663390
 9.89999E+01, 596.894291040
 9.90165E+01, 597.196110550
 9.90332E+01, 597.498108260
 9.90497E+01, 597.799927930
 9.90663E+01, 598.101954940
 9.90828E+01, 598.404742400
 9.91048E+01, 598.706555700
 9.91212E+01, 599.008324220
 9.91376E+01, 599.310115130
 9.91540E+01, 599.613341270
